1.020708918571472168e+00
1.018592715263366699e+00
1.016674280166625977e+00
1.014957427978515625e+00
1.013484001159667969e+00
1.012182950973510742e+00
1.011034369468688965e+00
1.010024070739746094e+00
1.009135961532592773e+00
1.008353590965270996e+00
1.007659196853637695e+00
1.007035970687866211e+00
1.006470084190368652e+00
1.005949974060058594e+00
1.005467414855957031e+00
1.005015850067138672e+00
1.004591107368469238e+00
1.004190444946289062e+00
1.003811717033386230e+00
1.003453254699707031e+00
1.003115534782409668e+00
1.002798318862915039e+00
1.002500414848327637e+00
1.002221941947937012e+00
1.001963257789611816e+00
1.001723527908325195e+00
1.001502394676208496e+00
1.001298785209655762e+00
1.001113891601562500e+00
1.000946760177612305e+00
1.000793933868408203e+00
1.000653147697448730e+00
1.000522375106811523e+00
1.000400304794311523e+00
1.000285983085632324e+00
1.000178694725036621e+00
1.000078201293945312e+00
9.999844431877136230e-01
9.998971223831176758e-01
9.998155236244201660e-01
9.997382760047912598e-01
9.996646046638488770e-01
9.995938539505004883e-01
9.995258450508117676e-01
9.994623661041259766e-01
9.994034171104431152e-01
9.993472695350646973e-01
9.992920756340026855e-01
9.992381930351257324e-01
9.991867542266845703e-01
9.991385340690612793e-01
9.990902543067932129e-01
9.990410208702087402e-01
9.990029931068420410e-01
9.989677071571350098e-01
9.989284873008728027e-01
9.988859295845031738e-01
9.988398551940917969e-01
9.987909793853759766e-01
9.987410902976989746e-01
9.986981153488159180e-01
9.986551403999328613e-01
9.986097216606140137e-01
9.985613226890563965e-01
9.985097646713256836e-01
9.984552264213562012e-01
9.983986020088195801e-01
9.983410835266113281e-01
9.982832670211791992e-01
9.982259273529052734e-01
9.981647133827209473e-01
9.980993866920471191e-01
9.980331063270568848e-01
9.979669451713562012e-01
9.978988170623779297e-01
9.978281855583190918e-01
9.977550506591796875e-01
9.976800084114074707e-01
9.976030588150024414e-01
9.975243210792541504e-01
9.974440336227416992e-01
9.973619580268859863e-01
9.972777366638183594e-01
9.971913099288940430e-01
9.971025586128234863e-01
9.970111250877380371e-01
9.969173669815063477e-01
9.968209862709045410e-01
9.967224001884460449e-01
9.966211915016174316e-01
9.965172410011291504e-01
9.964108467102050781e-01
9.963014721870422363e-01
9.961891770362854004e-01
9.960740208625793457e-01
9.959556460380554199e-01
9.958341717720031738e-01
9.957091808319091797e-01
9.955818653106689453e-01
9.954515695571899414e-01
9.953181743621826172e-01
9.951810240745544434e-01
9.950404167175292969e-01
9.948974251747131348e-01
9.947513937950134277e-01
9.946039915084838867e-01
9.944549798965454102e-01
9.943045377731323242e-01
9.941523671150207520e-01
9.939994812011718750e-01
9.938457608222961426e-01
9.936906099319458008e-01
9.935334920883178711e-01
9.933708906173706055e-01
9.932058453559875488e-01
9.930356740951538086e-01
9.928625226020812988e-01
9.926876425743103027e-01
9.925119876861572266e-01
9.923390150070190430e-01
9.921708703041076660e-01
9.920126199722290039e-01
9.918556809425354004e-01
9.916974306106567383e-01
9.915387034416198730e-01
9.913804531097412109e-01
9.912225008010864258e-01
9.910650253295898438e-01
9.909057021141052246e-01
9.907422661781311035e-01
9.905735850334167480e-01
9.903965592384338379e-01
9.902105927467346191e-01
9.900129437446594238e-01
9.898012876510620117e-01
9.895753860473632812e-01
9.893467426300048828e-01
9.891282320022583008e-01
9.889306426048278809e-01
9.887342453002929688e-01
9.885406494140625000e-01
9.883528351783752441e-01
9.881674051284790039e-01
9.879794120788574219e-01
9.877884984016418457e-01
9.875959157943725586e-01
9.874020814895629883e-01
9.872067570686340332e-01
9.870094060897827148e-01
9.868096113204956055e-01
9.866072535514831543e-01
9.864022731781005859e-01
9.861947298049926758e-01
9.859842658042907715e-01
9.857712388038635254e-01
9.855564832687377930e-01
9.853394627571105957e-01
9.851194620132446289e-01
9.848984479904174805e-01
9.846770167350769043e-01
9.844546914100646973e-01
9.842297434806823730e-01
9.839990735054016113e-01
9.837639331817626953e-01
9.835255742073059082e-01
9.832818508148193359e-01
9.830334186553955078e-01
9.827797412872314453e-01
9.825206398963928223e-01
9.822567701339721680e-01
9.819860458374023438e-01
9.817059636116027832e-01
9.814192056655883789e-01
9.811282157897949219e-01
9.808327555656433105e-01
9.805293083190917969e-01
9.802172183990478516e-01
9.798979759216308594e-01
9.795717000961303711e-01
9.792391657829284668e-01
9.788957834243774414e-01
9.785406589508056641e-01
9.781765341758728027e-01
9.778026342391967773e-01
9.774215221405029297e-01
9.770292043685913086e-01
9.766274690628051758e-01
9.762166738510131836e-01
9.757959246635437012e-01
9.753633141517639160e-01
9.749212861061096191e-01
9.744631648063659668e-01
9.739968180656433105e-01
9.735220074653625488e-01
9.730448126792907715e-01
9.725666642189025879e-01
9.720872044563293457e-01
9.716067314147949219e-01
9.711199402809143066e-01
9.706292152404785156e-01
9.701339006423950195e-01
9.696409702301025391e-01
9.691498279571533203e-01
9.686605930328369141e-01
9.681700468063354492e-01
9.676783680915832520e-01
9.671850800514221191e-01
9.666886925697326660e-01
9.661886096000671387e-01
9.656875729560852051e-01
9.651883840560913086e-01
9.646849036216735840e-01
9.641788005828857422e-01
9.636683464050292969e-01
9.631500840187072754e-01
9.626306891441345215e-01
9.621097445487976074e-01
9.615856409072875977e-01
9.610601663589477539e-01
9.605336785316467285e-01
9.600059986114501953e-01
9.594760537147521973e-01
9.589425921440124512e-01
9.583992958068847656e-01
9.578684568405151367e-01
9.573422670364379883e-01
9.568153023719787598e-01
9.562869668006896973e-01
9.557628631591796875e-01
9.552586674690246582e-01
9.547684788703918457e-01
9.542828798294067383e-01
9.537996649742126465e-01
9.533203840255737305e-01
9.528480172157287598e-01
9.523880481719970703e-01
9.519416093826293945e-01
9.514983296394348145e-01
9.510578513145446777e-01
9.506205320358276367e-01
9.501921534538269043e-01
9.497737884521484375e-01
9.493656754493713379e-01
9.489626884460449219e-01
9.485663771629333496e-01
9.481770396232604980e-01
9.477910995483398438e-01
9.474070668220520020e-01
9.470255970954895020e-01
9.466491937637329102e-01
9.462772011756896973e-01
9.459084272384643555e-01
9.455380439758300781e-01
9.451591372489929199e-01
9.447702765464782715e-01
9.443778991699218750e-01
9.439918398857116699e-01
9.436181783676147461e-01
9.432458281517028809e-01
9.428701400756835938e-01
9.425094723701477051e-01
9.421555995941162109e-01
9.417964816093444824e-01
9.414332509040832520e-01
9.410699009895324707e-01
9.407048225402832031e-01
9.403682947158813477e-01
9.400494098663330078e-01
9.397255778312683105e-01
9.393929839134216309e-01
9.390711784362792969e-01
9.387596249580383301e-01
9.384625554084777832e-01
9.381876587867736816e-01
9.378926753997802734e-01
9.376294016838073730e-01
9.373860359191894531e-01
9.371057748794555664e-01
9.369004964828491211e-01
9.366798400878906250e-01
9.364026784896850586e-01
9.362603425979614258e-01
9.359465241432189941e-01
9.357839226722717285e-01
9.355213642120361328e-01
9.353451132774353027e-01
9.351139068603515625e-01
9.349246621131896973e-01
9.347212910652160645e-01
9.345238804817199707e-01
9.343345165252685547e-01
9.341297149658203125e-01
9.339562058448791504e-01
9.337393045425415039e-01
9.335646033287048340e-01
9.333504438400268555e-01
9.331721067428588867e-01
9.329634308815002441e-01
9.327881336212158203e-01
9.325765967369079590e-01
9.323952794075012207e-01
9.321933984756469727e-01
9.320138692855834961e-01
9.318196177482604980e-01
9.316435456275939941e-01
9.314621090888977051e-01
9.312927126884460449e-01
9.311212897300720215e-01
9.309550523757934570e-01
9.307989478111267090e-01
9.306326508522033691e-01
9.304878115653991699e-01
9.303287863731384277e-01
9.301879405975341797e-01
9.300406575202941895e-01
9.299032688140869141e-01
9.297667145729064941e-01
9.296308755874633789e-01
9.295012950897216797e-01
9.293664097785949707e-01
9.292383790016174316e-01
9.291075468063354492e-01
9.289778470993041992e-01
9.288507103919982910e-01
9.287208318710327148e-01
9.285937547683715820e-01
9.284676909446716309e-01
9.283442497253417969e-01
9.282251596450805664e-01
9.281085729598999023e-01
9.279924035072326660e-01
9.278777837753295898e-01
9.277628064155578613e-01
9.276493787765502930e-01
9.275381565093994141e-01
9.274282455444335938e-01
9.273189306259155273e-01
9.272111058235168457e-01
9.271054863929748535e-01
9.269974231719970703e-01
9.268899559974670410e-01
9.267824292182922363e-01
9.266724586486816406e-01
9.265643358230590820e-01
9.264574646949768066e-01
9.263488054275512695e-01
9.262401461601257324e-01
9.261311888694763184e-01
9.260202646255493164e-01
9.259082078933715820e-01
9.257953166961669922e-01
9.256838560104370117e-01
9.255729317665100098e-01
9.254616498947143555e-01
9.253516793251037598e-01
9.252398014068603516e-01
9.251262545585632324e-01
9.250102639198303223e-01
9.248934984207153320e-01
9.247760176658630371e-01
9.246592521667480469e-01
9.245428442955017090e-01
9.244205951690673828e-01
9.242917299270629883e-01
9.241623878479003906e-01
9.240362644195556641e-01
9.239085316658020020e-01
9.237768650054931641e-01
9.236370325088500977e-01
9.234961867332458496e-01
9.233528971672058105e-01
9.232081770896911621e-01
9.230620265007019043e-01
9.229140877723693848e-01
9.227632284164428711e-01
9.226121306419372559e-01
9.224618077278137207e-01
9.223123788833618164e-01
9.221652746200561523e-01
9.220158457756042480e-01
9.218631386756896973e-01
9.217133522033691406e-01
9.215621352195739746e-01
9.214116930961608887e-01
9.212616086006164551e-01
9.211131930351257324e-01
9.209683537483215332e-01
9.208253026008605957e-01
9.206883311271667480e-01
9.205718040466308594e-01
9.205722808837890625e-01
9.205825328826904297e-01
9.203958511352539062e-01
9.200475811958312988e-01
9.202618598937988281e-01
9.199433922767639160e-01
9.198179841041564941e-01
9.197525978088378906e-01
9.194467663764953613e-01
9.194971919059753418e-01
9.192099571228027344e-01
9.192767739295959473e-01
9.190096855163574219e-01
9.189954996109008789e-01
9.188048839569091797e-01
9.187154769897460938e-01
9.186281561851501465e-01
9.184603095054626465e-01
9.184260964393615723e-01
9.182277321815490723e-01
9.181957244873046875e-01
9.180262684822082520e-01
9.179548621177673340e-01
9.178356528282165527e-01
9.177134633064270020e-01
9.176338911056518555e-01
9.174877405166625977e-01
9.174154996871948242e-01
9.172839522361755371e-01
9.171900153160095215e-01
9.170879125595092773e-01
9.169688820838928223e-01
9.168819785118103027e-01
9.167588353157043457e-01
9.166793227195739746e-01
9.165742993354797363e-01
9.164574146270751953e-01
9.163748621940612793e-01
9.162428379058837891e-01
9.161437749862670898e-01
9.160502552986145020e-01
9.159231781959533691e-01
9.158352017402648926e-01
9.157232642173767090e-01
9.156112074851989746e-01
9.155169129371643066e-01
9.153949618339538574e-01
9.152930378913879395e-01
9.151850938796997070e-01
9.150691032409667969e-01
9.149687290191650391e-01
9.148507714271545410e-01
9.147406816482543945e-01
9.146320819854736328e-01
9.145147204399108887e-01
9.144077301025390625e-01
9.142952561378479004e-01
9.141830205917358398e-01
9.140736460685729980e-01
9.139568805694580078e-01
9.138427376747131348e-01
9.137263298034667969e-01
9.136086702346801758e-01
9.134933948516845703e-01
9.133743643760681152e-01
9.132537841796875000e-01
9.131375551223754883e-01
9.130180478096008301e-01
9.128953218460083008e-01
9.127793312072753906e-01
9.126621484756469727e-01
9.125441908836364746e-01
9.124270677566528320e-01
9.123088717460632324e-01
9.121910333633422852e-01
9.120747447013854980e-01
9.119573831558227539e-01
9.118396639823913574e-01
9.117236137390136719e-01
9.116138815879821777e-01
9.115024209022521973e-01
9.113919138908386230e-01
9.112781286239624023e-01
9.111691117286682129e-01
9.110597372055053711e-01
9.109435677528381348e-01
9.108246564865112305e-01
9.107033610343933105e-01
9.105832576751708984e-01
9.104637503623962402e-01
9.103460907936096191e-01
9.102272391319274902e-01
9.101051688194274902e-01
9.099848866462707520e-01
9.098589420318603516e-01
9.097246527671813965e-01
9.095809459686279297e-01
9.094334840774536133e-01
9.092825055122375488e-01
9.091351628303527832e-01
9.089937806129455566e-01
9.088457822799682617e-01
9.086874723434448242e-01
9.085107445716857910e-01
9.083238840103149414e-01
9.081180095672607422e-01
9.079201817512512207e-01
9.077184200286865234e-01
9.075202941894531250e-01
9.073318839073181152e-01
9.071347117424011230e-01
9.069554805755615234e-01
9.068018794059753418e-01
9.067032337188720703e-01
9.066992998123168945e-01
9.066637754440307617e-01
9.062316417694091797e-01
9.058054089546203613e-01
9.058179259300231934e-01
9.057501554489135742e-01
9.053694009780883789e-01
9.051754474639892578e-01
9.052242636680603027e-01
9.049665331840515137e-01
9.046292304992675781e-01
9.046755433082580566e-01
9.044709801673889160e-01
9.041529297828674316e-01
9.040986299514770508e-01
9.039672017097473145e-01
9.036396145820617676e-01
9.036087393760681152e-01
9.034135341644287109e-01
9.031670689582824707e-01
9.030439257621765137e-01
9.028863310813903809e-01
9.026471376419067383e-01
9.025405049324035645e-01
9.023724794387817383e-01
9.021626114845275879e-01
9.020081758499145508e-01
9.018782377243041992e-01
9.016682505607604980e-01
9.015130400657653809e-01
9.013786315917968750e-01
9.012006521224975586e-01
9.010114073753356934e-01
9.008713960647583008e-01
9.007155299186706543e-01
9.005415439605712891e-01
9.003689289093017578e-01
9.002131223678588867e-01
9.000495076179504395e-01
8.998652100563049316e-01
8.997023105621337891e-01
8.995350599288940430e-01
8.993688821792602539e-01
8.991924524307250977e-01
8.990218639373779297e-01
8.988485932350158691e-01
8.986724019050598145e-01
8.984904885292053223e-01
8.982957005500793457e-01
8.981034159660339355e-01
8.979120850563049316e-01
8.977208733558654785e-01
8.975203037261962891e-01
8.973170518875122070e-01
8.971024751663208008e-01
8.968761563301086426e-01
8.966357707977294922e-01
8.964092731475830078e-01
8.961907625198364258e-01
8.959774374961853027e-01
8.957661390304565430e-01
8.955523371696472168e-01
8.953622579574584961e-01
8.952012062072753906e-01
8.951044678688049316e-01
8.949491381645202637e-01
8.947601318359375000e-01
8.943412899971008301e-01
8.939760923385620117e-01
8.938167095184326172e-01
8.937291502952575684e-01
8.935600519180297852e-01
8.932815194129943848e-01
8.929633498191833496e-01
8.927678465843200684e-01
8.926706314086914062e-01
8.925777077674865723e-01
8.923649191856384277e-01
8.920640945434570312e-01
8.917943239212036133e-01
8.915730118751525879e-01
8.914142847061157227e-01
8.912532925605773926e-01
8.910872340202331543e-01
8.908752799034118652e-01
8.906248807907104492e-01
8.903864622116088867e-01
8.901477456092834473e-01
8.899176120758056641e-01
8.897045850753784180e-01
8.894824385643005371e-01
8.892868757247924805e-01
8.891268372535705566e-01
8.890171051025390625e-01
8.890903592109680176e-01
8.892681002616882324e-01
8.892289400100708008e-01
8.884406685829162598e-01
8.878250122070312500e-01
8.879894018173217773e-01
8.880797624588012695e-01
8.875575065612792969e-01
8.870462179183959961e-01
8.871915340423583984e-01
8.871723413467407227e-01
8.865771293640136719e-01
8.863099217414855957e-01
8.864610195159912109e-01
8.861580491065979004e-01
8.856565952301025391e-01
8.855897188186645508e-01
8.855152130126953125e-01
8.851840496063232422e-01
8.848570585250854492e-01
8.848304748535156250e-01
8.847306966781616211e-01
8.843145370483398438e-01
8.840524554252624512e-01
8.839675784111022949e-01
8.837461471557617188e-01
8.833917975425720215e-01
8.831348419189453125e-01
8.830057382583618164e-01
8.827388286590576172e-01
8.824195265769958496e-01
8.821502923965454102e-01
8.819395303726196289e-01
8.817517161369323730e-01
8.814385533332824707e-01
8.811429738998413086e-01
8.808726668357849121e-01
8.806030154228210449e-01
8.803849220275878906e-01
8.801750540733337402e-01
8.799638748168945312e-01
8.797298669815063477e-01
8.794957995414733887e-01
8.792788982391357422e-01
8.790773153305053711e-01
8.788824081420898438e-01
8.787192702293395996e-01
8.785678744316101074e-01
8.783861398696899414e-01
8.782210350036621094e-01
8.780024647712707520e-01
8.778118491172790527e-01
8.775812387466430664e-01
8.773267269134521484e-01
8.770653009414672852e-01
8.768399953842163086e-01
8.766127824783325195e-01
8.763946890830993652e-01
8.761917352676391602e-01
8.760085701942443848e-01
8.758341670036315918e-01
8.756966590881347656e-01
8.756408095359802246e-01
8.757215738296508789e-01
8.759651184082031250e-01
8.758758306503295898e-01
8.753583431243896484e-01
8.745917677879333496e-01
8.742184638977050781e-01
8.742120265960693359e-01
8.742691278457641602e-01
8.741174340248107910e-01
8.736945390701293945e-01
8.733476996421813965e-01
8.731555342674255371e-01
8.731714487075805664e-01
8.732477426528930664e-01
8.731016516685485840e-01
8.727822303771972656e-01
8.723121881484985352e-01
8.720784187316894531e-01
8.721177577972412109e-01
8.722027540206909180e-01
8.721644878387451172e-01
8.716779351234436035e-01
8.712588548660278320e-01
8.710861206054687500e-01
8.710358738899230957e-01
8.710070848464965820e-01
8.709264993667602539e-01
8.706507086753845215e-01
8.703807592391967773e-01
8.700546026229858398e-01
8.698958754539489746e-01
8.698696494102478027e-01
8.698245882987976074e-01
8.696422576904296875e-01
8.693490624427795410e-01
8.690537810325622559e-01
8.688436746597290039e-01
8.687243461608886719e-01
8.686103224754333496e-01
8.684816360473632812e-01
8.682768344879150391e-01
8.680512905120849609e-01
8.678153753280639648e-01
8.676031827926635742e-01
8.674044013023376465e-01
8.672181963920593262e-01
8.670386672019958496e-01
8.668538928031921387e-01
8.666789531707763672e-01
8.665062189102172852e-01
8.663204908370971680e-01
8.661742806434631348e-01
8.660835027694702148e-01
8.661114573478698730e-01
8.662996292114257812e-01
8.670947551727294922e-01
8.676836490631103516e-01
8.677196502685546875e-01
8.655226230621337891e-01
8.646724224090576172e-01
8.655719757080078125e-01
8.656003475189208984e-01
8.645055294036865234e-01
8.640789389610290527e-01
8.647459745407104492e-01
8.647666573524475098e-01
8.635839223861694336e-01
8.636939525604248047e-01
8.643608689308166504e-01
8.634182810783386230e-01
8.629413843154907227e-01
8.632977008819580078e-01
8.630920052528381348e-01
8.625111579895019531e-01
8.624233007431030273e-01
8.625561594963073730e-01
8.622653484344482422e-01
8.618819713592529297e-01
8.618931174278259277e-01
8.619465231895446777e-01
8.616183996200561523e-01
8.613221645355224609e-01
8.613572716712951660e-01
8.612958788871765137e-01
8.610221147537231445e-01
8.607980608940124512e-01
8.607314229011535645e-01
8.606659770011901855e-01
8.604876995086669922e-01
8.602710962295532227e-01
8.601463437080383301e-01
8.600724339485168457e-01
8.599784374237060547e-01
8.597986102104187012e-01
8.596373200416564941e-01
8.595234751701354980e-01
8.594360351562500000e-01
8.593391180038452148e-01
8.591831326484680176e-01
8.590287566184997559e-01
8.588951826095581055e-01
8.587971925735473633e-01
8.587100505828857422e-01
8.585690259933471680e-01
8.584214448928833008e-01
8.582823276519775391e-01
8.581475615501403809e-01
8.580380082130432129e-01
8.579567670822143555e-01
8.579065799713134766e-01
8.578435182571411133e-01
8.578041791915893555e-01
8.577501773834228516e-01
8.577091097831726074e-01
8.575748205184936523e-01
8.573952913284301758e-01
8.571965098381042480e-01
8.569950461387634277e-01
8.567839264869689941e-01
8.566377162933349609e-01
8.565481305122375488e-01
8.564985394477844238e-01
8.564654588699340820e-01
8.563976883888244629e-01
8.563122153282165527e-01
8.561730980873107910e-01
8.560239672660827637e-01
8.558539152145385742e-01
8.557159900665283203e-01
8.555907011032104492e-01
8.554722666740417480e-01
8.553569316864013672e-01
8.552477955818176270e-01
8.551398515701293945e-01
8.550332188606262207e-01
8.549321889877319336e-01
8.548387885093688965e-01
8.547594547271728516e-01
8.547575473785400391e-01
8.549293875694274902e-01
8.555783033370971680e-01
8.566958904266357422e-01
8.589025139808654785e-01
8.582411408424377441e-01
8.556244373321533203e-01
8.540435433387756348e-01
8.558566570281982422e-01
8.568372130393981934e-01
8.542802333831787109e-01
8.541990518569946289e-01
8.558673858642578125e-01
8.544005751609802246e-01
8.535395860671997070e-01
8.547655344009399414e-01
8.540840744972229004e-01
8.531859517097473145e-01
8.539081215858459473e-01
8.536392450332641602e-01
8.530272245407104492e-01
8.531766533851623535e-01
8.533313870429992676e-01
8.529061079025268555e-01
8.526847958564758301e-01
8.530297279357910156e-01
8.527114987373352051e-01
8.524249196052551270e-01
8.525792360305786133e-01
8.525636792182922363e-01
8.522025942802429199e-01
8.521378636360168457e-01
8.522970080375671387e-01
8.519789576530456543e-01
8.518394827842712402e-01
8.519917726516723633e-01
8.518115282058715820e-01
8.516012430191040039e-01
8.515760898590087891e-01
8.515769839286804199e-01
8.514060378074645996e-01
8.512693643569946289e-01
8.512700796127319336e-01
8.512052297592163086e-01
8.510593771934509277e-01
8.509790897369384766e-01
8.509580492973327637e-01
8.508937358856201172e-01
8.507483005523681641e-01
8.506730794906616211e-01
8.506444096565246582e-01
8.505474328994750977e-01
8.504422903060913086e-01
8.503684997558593750e-01
8.503146171569824219e-01
8.502366542816162109e-01
8.501413464546203613e-01
8.500633835792541504e-01
8.500103950500488281e-01
8.499401211738586426e-01
8.498480319976806641e-01
8.497684001922607422e-01
8.497093319892883301e-01
8.496431112289428711e-01
8.495554924011230469e-01
8.494752645492553711e-01
8.494063615798950195e-01
8.493329882621765137e-01
8.492619991302490234e-01
8.491891026496887207e-01
8.491142988204956055e-01
8.490465283393859863e-01
8.489764928817749023e-01
8.489082455635070801e-01
8.488450646400451660e-01
8.487923145294189453e-01
8.487176299095153809e-01
8.486489653587341309e-01
8.485651612281799316e-01
8.484798669815063477e-01
8.484110832214355469e-01
8.483399152755737305e-01
8.482655882835388184e-01
8.481963872909545898e-01
8.481314778327941895e-01
8.480610847473144531e-01
8.479895591735839844e-01
8.479269742965698242e-01
8.478729128837585449e-01
8.478248715400695801e-01
8.477776050567626953e-01
8.477383852005004883e-01
8.477109074592590332e-01
8.477088809013366699e-01
8.477313518524169922e-01
8.477748036384582520e-01
8.478744626045227051e-01
8.478735685348510742e-01
8.480492234230041504e-01
8.478938341140747070e-01
8.478223085403442383e-01
8.474744558334350586e-01
8.471748828887939453e-01
8.469249010086059570e-01
8.468023538589477539e-01
8.467862010002136230e-01
8.468397855758666992e-01
8.469714522361755371e-01
8.470211029052734375e-01
8.470839262008666992e-01
8.469429016113281250e-01
8.467306494712829590e-01
8.465125560760498047e-01
8.463329672813415527e-01
8.461896181106567383e-01
8.461226820945739746e-01
8.461133241653442383e-01
8.461281061172485352e-01
8.462007641792297363e-01
8.463163375854492188e-01
8.463743329048156738e-01
8.463013768196105957e-01
8.462220430374145508e-01
8.459969162940979004e-01
8.458067774772644043e-01
8.456318974494934082e-01
8.454777002334594727e-01
8.454038500785827637e-01
8.454111814498901367e-01
8.454592823982238770e-01
8.455718755722045898e-01
8.457542061805725098e-01
8.457551598548889160e-01
8.457479476928710938e-01
8.455687165260314941e-01
8.452506065368652344e-01
8.450288772583007812e-01
8.448637723922729492e-01
8.447542190551757812e-01
8.447266817092895508e-01
8.447381258010864258e-01
8.447580337524414062e-01
8.448190689086914062e-01
8.449025154113769531e-01
8.448027372360229492e-01
8.446786403656005859e-01
8.445400595664978027e-01
8.443363308906555176e-01
8.442249298095703125e-01
8.441411256790161133e-01
8.440721631050109863e-01
8.440313935279846191e-01
8.440202474594116211e-01
8.440117239952087402e-01
8.440940976142883301e-01
8.442299962043762207e-01
8.442615270614624023e-01
8.442354798316955566e-01
8.442010879516601562e-01
8.439349532127380371e-01
8.437330722808837891e-01
8.435800075531005859e-01
8.434029221534729004e-01
8.432920575141906738e-01
8.432145118713378906e-01
8.431316018104553223e-01
8.430631160736083984e-01
8.430093526840209961e-01
8.429421186447143555e-01
8.428906798362731934e-01
8.429181575775146484e-01
8.430269360542297363e-01
8.432685136795043945e-01
8.437113761901855469e-01
8.440292477607727051e-01
8.444377779960632324e-01
8.441029787063598633e-01
8.434649109840393066e-01
8.425793051719665527e-01
8.422240018844604492e-01
8.425826430320739746e-01
8.430328369140625000e-01
8.431174159049987793e-01
8.426406979560852051e-01
8.420830368995666504e-01
8.418788313865661621e-01
8.422209620475769043e-01
8.427060246467590332e-01
8.425692319869995117e-01
8.421376347541809082e-01
8.416650295257568359e-01
8.415527343750000000e-01
8.418111801147460938e-01
8.420312404632568359e-01
8.419269323348999023e-01
8.415837883949279785e-01
8.412728309631347656e-01
8.411844372749328613e-01
8.412392139434814453e-01
8.413196802139282227e-01
8.413847088813781738e-01
