1.036536931991577148e+00
1.033763527870178223e+00
1.031114459037780762e+00
1.028651237487792969e+00
1.026457905769348145e+00
1.024469256401062012e+00
1.022630810737609863e+00
1.020915865898132324e+00
1.019296884536743164e+00
1.017773747444152832e+00
1.016371488571166992e+00
1.015095353126525879e+00
1.013941526412963867e+00
1.012912750244140625e+00
1.011975288391113281e+00
1.011110663414001465e+00
1.010310530662536621e+00
1.009571552276611328e+00
1.008891701698303223e+00
1.008265137672424316e+00
1.007685184478759766e+00
1.007145047187805176e+00
1.006637454032897949e+00
1.006165862083435059e+00
1.005726933479309082e+00
1.005315423011779785e+00
1.004925251007080078e+00
1.004555106163024902e+00
1.004172682762145996e+00
1.003807902336120605e+00
1.003466963768005371e+00
1.003151416778564453e+00
1.002863526344299316e+00
1.002596616744995117e+00
1.002338647842407227e+00
1.002087354660034180e+00
1.001839160919189453e+00
1.001594066619873047e+00
1.001352071762084961e+00
1.001113057136535645e+00
1.000875711441040039e+00
1.000640034675598145e+00
1.000406026840209961e+00
1.000173926353454590e+00
9.999431967735290527e-01
9.997138977050781250e-01
9.994859695434570312e-01
9.992588758468627930e-01
9.990324378013610840e-01
9.988062977790832520e-01
9.985798001289367676e-01
9.983539581298828125e-01
9.981271028518676758e-01
9.978986978530883789e-01
9.976685643196105957e-01
9.974361658096313477e-01
9.972003698348999023e-01
9.969606995582580566e-01
9.967167377471923828e-01
9.964681267738342285e-01
9.962136745452880859e-01
9.959535002708435059e-01
9.956902861595153809e-01
9.954280257225036621e-01
9.951671361923217773e-01
9.949090480804443359e-01
9.946534037590026855e-01
9.943993091583251953e-01
9.941422939300537109e-01
9.938784837722778320e-01
9.936094284057617188e-01
9.933401942253112793e-01
9.930671453475952148e-01
9.927929043769836426e-01
9.925146698951721191e-01
9.922348260879516602e-01
9.919562935829162598e-01
9.916781187057495117e-01
9.913976192474365234e-01
9.911122322082519531e-01
9.908272624015808105e-01
9.905432462692260742e-01
9.902601838111877441e-01
9.899764657020568848e-01
9.896915555000305176e-01
9.894058108329772949e-01
9.891181588172912598e-01
9.888285398483276367e-01
9.885394573211669922e-01
9.882503151893615723e-01
9.879629015922546387e-01
9.876766204833984375e-01
9.873921275138854980e-01
9.871103763580322266e-01
9.868304133415222168e-01
9.865533709526062012e-01
9.862802028656005859e-01
9.860097765922546387e-01
9.857425689697265625e-01
9.854785799980163574e-01
9.852172732353210449e-01
9.849605560302734375e-01
9.847086071968078613e-01
9.844622611999511719e-01
9.842233061790466309e-01
9.839898347854614258e-01
9.837613701820373535e-01
9.835368990898132324e-01
9.833167791366577148e-01
9.831017851829528809e-01
9.828922152519226074e-01
9.826869964599609375e-01
9.824844598770141602e-01
9.822860956192016602e-01
9.820935726165771484e-01
9.819054603576660156e-01
9.817214012145996094e-01
9.815415740013122559e-01
9.813674688339233398e-01
9.811976552009582520e-01
9.810295701026916504e-01
9.808615446090698242e-01
9.806938767433166504e-01
9.805269241333007812e-01
9.803622364997863770e-01
9.802010655403137207e-01
9.800421595573425293e-01
9.798855781555175781e-01
9.797303080558776855e-01
9.795783758163452148e-01
9.794291853904724121e-01
9.792814254760742188e-01
9.791349172592163086e-01
9.789899587631225586e-01
9.788467884063720703e-01
9.787053465843200684e-01
9.785653948783874512e-01
9.784262180328369141e-01
9.782874584197998047e-01
9.781494736671447754e-01
9.780127406120300293e-01
9.778764843940734863e-01
9.777411222457885742e-01
9.776063561439514160e-01
9.774724841117858887e-01
9.773394465446472168e-01
9.772068262100219727e-01
9.770735502243041992e-01
9.769397377967834473e-01
9.768074154853820801e-01
9.766759276390075684e-01
9.765449166297912598e-01
9.764129519462585449e-01
9.762805104255676270e-01
9.761468172073364258e-01
9.760122895240783691e-01
9.758774042129516602e-01
9.757407307624816895e-01
9.756018519401550293e-01
9.754579067230224609e-01
9.753100275993347168e-01
9.751586318016052246e-01
9.750064611434936523e-01
9.748557209968566895e-01
9.747082591056823730e-01
9.745660424232482910e-01
9.744275808334350586e-01
9.742905497550964355e-01
9.741542935371398926e-01
9.740182757377624512e-01
9.738815426826477051e-01
9.737417697906494141e-01
9.735987782478332520e-01
9.734523892402648926e-01
9.733027219772338867e-01
9.731488823890686035e-01
9.729941487312316895e-01
9.728381633758544922e-01
9.726814627647399902e-01
9.725241065025329590e-01
9.723647832870483398e-01
9.722037315368652344e-01
9.720399975776672363e-01
9.718744158744812012e-01
9.717077612876892090e-01
9.715387821197509766e-01
9.713659286499023438e-01
9.711905717849731445e-01
9.710120558738708496e-01
9.708291888236999512e-01
9.706428647041320801e-01
9.704522490501403809e-01
9.702596068382263184e-01
9.700647592544555664e-01
9.698701500892639160e-01
9.696752429008483887e-01
9.694800972938537598e-01
9.692836403846740723e-01
9.690842628479003906e-01
9.688824415206909180e-01
9.686770439147949219e-01
9.684690237045288086e-01
9.682595133781433105e-01
9.680486321449279785e-01
9.678359627723693848e-01
9.676224589347839355e-01
9.674082398414611816e-01
9.671935439109802246e-01
9.669778347015380859e-01
9.667632579803466797e-01
9.665450453758239746e-01
9.663240909576416016e-01
9.661064147949218750e-01
9.658910036087036133e-01
9.656721353530883789e-01
9.654511213302612305e-01
9.652372002601623535e-01
9.650313258171081543e-01
9.648289084434509277e-01
9.646182060241699219e-01
9.644100069999694824e-01
9.642109870910644531e-01
9.640114307403564453e-01
9.638075232505798340e-01
9.636058807373046875e-01
9.634106159210205078e-01
9.632144570350646973e-01
9.630146622657775879e-01
9.628172516822814941e-01
9.626252055168151855e-01
9.624403119087219238e-01
9.622600078582763672e-01
9.620757102966308594e-01
9.618847966194152832e-01
9.616961479187011719e-01
9.615067839622497559e-01
9.613196849822998047e-01
9.611320495605468750e-01
9.609417915344238281e-01
9.607511162757873535e-01
9.605618119239807129e-01
9.603735804557800293e-01
9.601863026618957520e-01
9.599956870079040527e-01
9.598049521446228027e-01
9.596172571182250977e-01
9.594387412071228027e-01
9.592702388763427734e-01
9.591121077537536621e-01
9.589484930038452148e-01
9.587196111679077148e-01
9.585210084915161133e-01
9.583840370178222656e-01
9.582226872444152832e-01
9.580186605453491211e-01
9.578492045402526855e-01
9.577049016952514648e-01
9.575253725051879883e-01
9.573375582695007324e-01
9.571748375892639160e-01
9.570133686065673828e-01
9.568256735801696777e-01
9.566444158554077148e-01
9.564827680587768555e-01
9.563187360763549805e-01
9.561512470245361328e-01
9.559905529022216797e-01
9.558375477790832520e-01
9.556822776794433594e-01
9.555227160453796387e-01
9.553656578063964844e-01
9.552168250083923340e-01
9.550747871398925781e-01
9.549379944801330566e-01
9.547929167747497559e-01
9.546493291854858398e-01
9.544995427131652832e-01
9.543535709381103516e-01
9.542129635810852051e-01
9.540799260139465332e-01
9.539550542831420898e-01
9.538475871086120605e-01
9.537705779075622559e-01
9.536667466163635254e-01
9.535021185874938965e-01
9.533137679100036621e-01
9.532012939453125000e-01
9.531196355819702148e-01
9.529865384101867676e-01
9.528288245201110840e-01
9.527124762535095215e-01
9.526265263557434082e-01
9.525104761123657227e-01
9.523634910583496094e-01
9.522618055343627930e-01
9.521772861480712891e-01
9.520580768585205078e-01
9.519280791282653809e-01
9.518257975578308105e-01
9.517339468002319336e-01
9.516387581825256348e-01
9.515177011489868164e-01
9.513922333717346191e-01
9.512753486633300781e-01
9.511768817901611328e-01
9.510954618453979492e-01
9.510124325752258301e-01
9.509026408195495605e-01
9.507815241813659668e-01
9.506691694259643555e-01
9.505659937858581543e-01
9.504722952842712402e-01
9.503872990608215332e-01
9.503092765808105469e-01
9.502227902412414551e-01
9.501278400421142578e-01
9.500073194503784180e-01
9.498944878578186035e-01
9.497920870780944824e-01
9.496988654136657715e-01
9.496107697486877441e-01
9.495225548744201660e-01
9.494339227676391602e-01
9.493448138236999512e-01
9.492488503456115723e-01
9.491481184959411621e-01
9.490352869033813477e-01
9.489265084266662598e-01
9.488201737403869629e-01
9.487207531929016113e-01
9.486241340637207031e-01
9.485292434692382812e-01
9.484370350837707520e-01
9.483373761177062988e-01
9.482342600822448730e-01
9.481282234191894531e-01
9.480251669883728027e-01
9.479329586029052734e-01
9.478439092636108398e-01
9.477582573890686035e-01
9.476643800735473633e-01
9.475744962692260742e-01
9.474861025810241699e-01
9.474106431007385254e-01
9.473425149917602539e-01
9.472842216491699219e-01
9.471838474273681641e-01
9.470443129539489746e-01
9.468792080879211426e-01
9.467496275901794434e-01
9.466582536697387695e-01
9.465751647949218750e-01
9.464783072471618652e-01
9.463503956794738770e-01
9.462005496025085449e-01
9.460706710815429688e-01
9.459731578826904297e-01
9.458640217781066895e-01
9.457246661186218262e-01
9.455724358558654785e-01
9.454460740089416504e-01
9.453346729278564453e-01
9.452314972877502441e-01
9.451084136962890625e-01
9.449785947799682617e-01
9.448456168174743652e-01
9.447118639945983887e-01
9.445803761482238770e-01
9.444464445114135742e-01
9.443143010139465332e-01
9.441863894462585449e-01
9.440684318542480469e-01
9.439820647239685059e-01
9.439608454704284668e-01
9.439652562141418457e-01
9.439208507537841797e-01
9.435300230979919434e-01
9.432498216629028320e-01
9.432525634765625000e-01
9.432126879692077637e-01
9.429772496223449707e-01
9.427342414855957031e-01
9.427094459533691406e-01
9.426626563072204590e-01
9.424009919166564941e-01
9.422282576560974121e-01
9.421977400779724121e-01
9.420574903488159180e-01
9.418424367904663086e-01
9.417300820350646973e-01
9.416614174842834473e-01
9.414921998977661133e-01
9.413088560104370117e-01
9.412168264389038086e-01
9.411092996597290039e-01
9.409322738647460938e-01
9.407812952995300293e-01
9.406915307044982910e-01
9.405670762062072754e-01
9.403972029685974121e-01
9.402377009391784668e-01
9.401264190673828125e-01
9.400233030319213867e-01
9.398747682571411133e-01
9.396994113922119141e-01
9.395474195480346680e-01
9.394181966781616211e-01
9.392884969711303711e-01
9.391424059867858887e-01
9.389917850494384766e-01
9.388408660888671875e-01
9.386990666389465332e-01
9.385623335838317871e-01
9.384294152259826660e-01
9.382978081703186035e-01
9.381638765335083008e-01
9.380379915237426758e-01
9.379096031188964844e-01
9.377886056900024414e-01
9.376726150512695312e-01
9.375790357589721680e-01
9.374743700027465820e-01
9.373220801353454590e-01
9.371088743209838867e-01
9.369099736213684082e-01
9.367485642433166504e-01
9.366189837455749512e-01
9.365100264549255371e-01
9.364155530929565430e-01
9.362861514091491699e-01
9.361491203308105469e-01
9.359778761863708496e-01
9.358006715774536133e-01
9.356485605239868164e-01
9.355254769325256348e-01
9.354217052459716797e-01
9.353269338607788086e-01
9.351938962936401367e-01
9.350488781929016113e-01
9.348770976066589355e-01
9.347152709960937500e-01
9.345600605010986328e-01
9.344193935394287109e-01
9.342817068099975586e-01
9.341492652893066406e-01
9.340229034423828125e-01
9.339177012443542480e-01
9.338426589965820312e-01
9.338522553443908691e-01
9.339589476585388184e-01
9.340387582778930664e-01
9.336740374565124512e-01
9.331604838371276855e-01
9.330588579177856445e-01
9.332052469253540039e-01
9.330891966819763184e-01
9.326728582382202148e-01
9.325462579727172852e-01
9.326237440109252930e-01
9.324555397033691406e-01
9.321622252464294434e-01
9.320945143699645996e-01
9.321063756942749023e-01
9.319298267364501953e-01
9.316900968551635742e-01
9.316533207893371582e-01
9.316312074661254883e-01
9.314218163490295410e-01
9.312387704849243164e-01
9.311981797218322754e-01
9.311121702194213867e-01
9.309343695640563965e-01
9.307987093925476074e-01
9.307441711425781250e-01
9.306491017341613770e-01
9.304769635200500488e-01
9.303547143936157227e-01
9.302971959114074707e-01
9.302091598510742188e-01
9.300537705421447754e-01
9.299115538597106934e-01
9.298422932624816895e-01
9.297801256179809570e-01
9.296685457229614258e-01
9.295054078102111816e-01
9.293755292892456055e-01
9.293019771575927734e-01
9.292225241661071777e-01
9.291002750396728516e-01
9.289607405662536621e-01
9.288508892059326172e-01
9.287621974945068359e-01
9.286792278289794922e-01
9.285822510719299316e-01
9.284651875495910645e-01
9.283541440963745117e-01
9.282486438751220703e-01
9.281570911407470703e-01
9.280699491500854492e-01
9.279817342758178711e-01
9.278867244720458984e-01
9.277979731559753418e-01
9.276997447013854980e-01
9.276037216186523438e-01
9.275091290473937988e-01
9.274242520332336426e-01
9.273539185523986816e-01
9.272935986518859863e-01
9.272660017013549805e-01
9.272794723510742188e-01
9.273328185081481934e-01
9.273209571838378906e-01
9.271182417869567871e-01
9.268214106559753418e-01
9.266192317008972168e-01
9.265791177749633789e-01
9.266303777694702148e-01
9.266024827957153320e-01
9.264835715293884277e-01
9.262731075286865234e-01
9.261394739151000977e-01
9.261385202407836914e-01
9.261562228202819824e-01
9.261187911033630371e-01
9.259604215621948242e-01
9.257852435111999512e-01
9.257034063339233398e-01
9.257011413574218750e-01
9.256812930107116699e-01
9.255843758583068848e-01
9.254468679428100586e-01
9.253325462341308594e-01
9.252652525901794434e-01
9.252372980117797852e-01
9.252181053161621094e-01
9.251749515533447266e-01
9.250815510749816895e-01
9.249516725540161133e-01
9.248399138450622559e-01
9.247726798057556152e-01
9.247373938560485840e-01
9.247114658355712891e-01
9.246703982353210449e-01
9.246030449867248535e-01
9.245023727416992188e-01
9.243903756141662598e-01
9.242998361587524414e-01
9.242451786994934082e-01
9.242224693298339844e-01
9.242244958877563477e-01
9.242978692054748535e-01
9.243170619010925293e-01
9.243049025535583496e-01
9.241338372230529785e-01
9.239518642425537109e-01
9.237562417984008789e-01
9.236760139465332031e-01
9.236866831779479980e-01
9.236808419227600098e-01
9.236509203910827637e-01
9.235510230064392090e-01
9.234471917152404785e-01
9.233347177505493164e-01
9.232669472694396973e-01
9.232297539710998535e-01
9.232007265090942383e-01
9.231542348861694336e-01
9.230872392654418945e-01
9.230135083198547363e-01
9.229395985603332520e-01
9.228788614273071289e-01
9.228171110153198242e-01
9.227670431137084961e-01
9.227183461189270020e-01
9.226822853088378906e-01
9.226551055908203125e-01
9.226427674293518066e-01
9.226609468460083008e-01
9.226589798927307129e-01
9.226780533790588379e-01
9.226147532463073730e-01
9.225640296936035156e-01
9.223976731300354004e-01
9.222609400749206543e-01
9.221559166908264160e-01
9.220985770225524902e-01
9.220829010009765625e-01
9.220696091651916504e-01
9.220730662345886230e-01
9.220607280731201172e-01
9.220083951950073242e-01
9.219165444374084473e-01
9.218258857727050781e-01
9.217320084571838379e-01
9.216650128364562988e-01
9.216311573982238770e-01
9.216204881668090820e-01
9.216442108154296875e-01
9.216682314872741699e-01
9.217124581336975098e-01
9.216680526733398438e-01
9.216244220733642578e-01
9.214762449264526367e-01
9.213248491287231445e-01
9.212126731872558594e-01
9.211663007736206055e-01
9.211798906326293945e-01
9.212324619293212891e-01
9.213292598724365234e-01
9.213494062423706055e-01
9.214006662368774414e-01
9.211848974227905273e-01
9.209748506546020508e-01
9.208136200904846191e-01
9.207580089569091797e-01
9.207884073257446289e-01
9.208381175994873047e-01
9.208533763885498047e-01
9.208228588104248047e-01
9.207215309143066406e-01
9.205962419509887695e-01
9.204677343368530273e-01
9.204094409942626953e-01
9.204003214836120605e-01
9.204045534133911133e-01
9.204136133193969727e-01
9.203623533248901367e-01
9.203014373779296875e-01
9.202072620391845703e-01
9.201349020004272461e-01
9.200803041458129883e-01
9.200429320335388184e-01
9.200170636177062988e-01
9.199965000152587891e-01
9.199827909469604492e-01
9.199668765068054199e-01
9.199569821357727051e-01
9.199169874191284180e-01
9.199073314666748047e-01
9.199081659317016602e-01
9.198952913284301758e-01
9.198893904685974121e-01
9.198348522186279297e-01
9.197698831558227539e-01
9.196628928184509277e-01
9.195690751075744629e-01
9.194927215576171875e-01
9.194346070289611816e-01
9.193863868713378906e-01
9.193403124809265137e-01
9.193018078804016113e-01
9.192700982093811035e-01
9.192517995834350586e-01
9.192599654197692871e-01
9.193434715270996094e-01
9.194270968437194824e-01
9.195426106452941895e-01
9.195539355278015137e-01
9.194794297218322754e-01
9.192401766777038574e-01
9.190110564231872559e-01
9.189047217369079590e-01
9.188997149467468262e-01
9.189299345016479492e-01
9.189485311508178711e-01
9.189039468765258789e-01
9.188123941421508789e-01
9.187199473381042480e-01
9.186545610427856445e-01
9.186345934867858887e-01
9.186373353004455566e-01
9.186228513717651367e-01
9.185715317726135254e-01
9.184989333152770996e-01
9.184417128562927246e-01
9.184137582778930664e-01
9.184038639068603516e-01
9.183858036994934082e-01
9.183514714241027832e-01
9.183012843132019043e-01
9.182412028312683105e-01
9.181976318359375000e-01
9.181801080703735352e-01
9.181788563728332520e-01
9.181668758392333984e-01
9.181448221206665039e-01
9.181085228919982910e-01
9.180589318275451660e-01
9.180057048797607422e-01
9.179438352584838867e-01
9.178961515426635742e-01
9.178629517555236816e-01
9.178404211997985840e-01
9.178253412246704102e-01
9.178050160408020020e-01
9.177773594856262207e-01
9.177557229995727539e-01
9.177366495132446289e-01
9.177131652832031250e-01
9.177287220954895020e-01
9.177277684211730957e-01
9.177694320678710938e-01
9.178300499916076660e-01
9.178991317749023438e-01
9.179012775421142578e-01
9.178645014762878418e-01
9.177050590515136719e-01
9.175108075141906738e-01
9.173194169998168945e-01
9.172810912132263184e-01
9.173619747161865234e-01
9.173973798751831055e-01
9.173929095268249512e-01
9.172930121421813965e-01
9.171984791755676270e-01
9.170839190483093262e-01
9.170317053794860840e-01
9.170173406600952148e-01
9.170141220092773438e-01
9.170364737510681152e-01
9.170309901237487793e-01
9.169914126396179199e-01
9.169207811355590820e-01
9.168676733970642090e-01
9.168000817298889160e-01
9.167473912239074707e-01
9.167039394378662109e-01
9.166679978370666504e-01
9.166379570960998535e-01
9.166149497032165527e-01
9.166049957275390625e-01
9.165971875190734863e-01
9.166169166564941406e-01
9.166058897972106934e-01
9.166124463081359863e-01
9.165808558464050293e-01
9.165621399879455566e-01
9.164928793907165527e-01
9.164444208145141602e-01
9.163491129875183105e-01
9.162788391113281250e-01
9.162303805351257324e-01
9.161865711212158203e-01
9.161514639854431152e-01
9.161184430122375488e-01
9.160872101783752441e-01
9.160569906234741211e-01
9.160301089286804199e-01
9.160070419311523438e-01
9.159966707229614258e-01
9.160127043724060059e-01
9.160947203636169434e-01
9.162368774414062500e-01
9.164170026779174805e-01
9.165340065956115723e-01
9.164392352104187012e-01
9.161468744277954102e-01
9.158169031143188477e-01
9.156839847564697266e-01
9.157603383064270020e-01
9.159264564514160156e-01
9.159719944000244141e-01
9.158357381820678711e-01
9.156496524810791016e-01
9.155025482177734375e-01
9.154886603355407715e-01
9.155478477478027344e-01
9.155884385108947754e-01
9.155359864234924316e-01
9.154152870178222656e-01
9.153113365173339844e-01
9.152881503105163574e-01
9.153160452842712402e-01
9.153476357460021973e-01
9.153496026992797852e-01
9.152644276618957520e-01
9.151620268821716309e-01
9.150927662849426270e-01
9.150618314743041992e-01
9.150538444519042969e-01
9.150532484054565430e-01
9.150556921958923340e-01
9.150129556655883789e-01
9.149492979049682617e-01
9.148891568183898926e-01
9.148439168930053711e-01
9.148074388504028320e-01
9.147862195968627930e-01
9.147691130638122559e-01
9.147367477416992188e-01
9.147086143493652344e-01
9.146674871444702148e-01
9.146274328231811523e-01
9.145888686180114746e-01
9.145525693893432617e-01
9.145186543464660645e-01
9.144870638847351074e-01
9.144562482833862305e-01
9.144260287284851074e-01
9.144065976142883301e-01
9.144017100334167480e-01
9.144109487533569336e-01
9.144476652145385742e-01
9.144603610038757324e-01
9.145234227180480957e-01
9.145764708518981934e-01
9.146149158477783203e-01
9.146045446395874023e-01
9.144977331161499023e-01
9.143592119216918945e-01
9.141673445701599121e-01
9.140232801437377930e-01
9.140249490737915039e-01
9.141386151313781738e-01
9.142459034919738770e-01
9.142845273017883301e-01
9.141723513603210449e-01
9.139913916587829590e-01
9.138280749320983887e-01
9.137747883796691895e-01
9.138142466545104980e-01
9.138672947883605957e-01
9.138749837875366211e-01
9.138047099113464355e-01
9.136728644371032715e-01
9.135872721672058105e-01
9.135754704475402832e-01
9.136030077934265137e-01
9.136298298835754395e-01
9.135881662368774414e-01
9.135062098503112793e-01
9.134246110916137695e-01
9.133676290512084961e-01
9.133375883102416992e-01
9.133276343345642090e-01
9.133219122886657715e-01
9.133104085922241211e-01
9.132872223854064941e-01
9.132339358329772949e-01
9.131669998168945312e-01
9.131157398223876953e-01
9.130903482437133789e-01
9.130825400352478027e-01
9.130768179893493652e-01
9.130787253379821777e-01
9.130770564079284668e-01
9.130842685699462891e-01
9.130490422248840332e-01
9.129714369773864746e-01
9.128753542900085449e-01
9.128072857856750488e-01
9.127849936485290527e-01
9.128013253211975098e-01
9.128155112266540527e-01
9.127883315086364746e-01
9.127255082130432129e-01
9.126510024070739746e-01
9.125909805297851562e-01
9.125583767890930176e-01
9.125477075576782227e-01
9.125403165817260742e-01
9.125330448150634766e-01
9.125182032585144043e-01
9.124786853790283203e-01
9.124231338500976562e-01
9.123766422271728516e-01
9.123279452323913574e-01
9.122884273529052734e-01
9.122554659843444824e-01
9.122253656387329102e-01
9.121975898742675781e-01
9.121721386909484863e-01
9.121453762054443359e-01
9.121289253234863281e-01
9.121188521385192871e-01
9.120961427688598633e-01
9.120664596557617188e-01
9.120387434959411621e-01
9.120149016380310059e-01
9.119904637336730957e-01
9.119603037834167480e-01
9.119529724121093750e-01
9.119451642036437988e-01
9.119643568992614746e-01
9.119738340377807617e-01
9.119817614555358887e-01
9.119760990142822266e-01
9.119330644607543945e-01
9.118604660034179688e-01
9.117513298988342285e-01
9.116431474685668945e-01
9.115687012672424316e-01
9.115218520164489746e-01
9.114885330200195312e-01
9.114740490913391113e-01
9.114732742309570312e-01
9.114984273910522461e-01
9.115197062492370605e-01
9.115511178970336914e-01
9.115294814109802246e-01
9.114573001861572266e-01
9.113616943359375000e-01
9.112799763679504395e-01
9.112115502357482910e-01
9.111610054969787598e-01
9.111209511756896973e-01
9.110876321792602539e-01
9.110554456710815430e-01
9.110426306724548340e-01
9.110388159751892090e-01
9.110699295997619629e-01
9.111046195030212402e-01
9.111174345016479492e-01
9.111302495002746582e-01
9.111379981040954590e-01
9.111018776893615723e-01
9.110504388809204102e-01
9.109368920326232910e-01
9.107999801635742188e-01
9.106920957565307617e-01
9.106380343437194824e-01
9.105941057205200195e-01
9.105621576309204102e-01
9.105442166328430176e-01
9.105472564697265625e-01
9.105823636054992676e-01
9.106114506721496582e-01
9.106166958808898926e-01
9.105939865112304688e-01
9.105485081672668457e-01
9.104807376861572266e-01
9.104065299034118652e-01
9.103215336799621582e-01
9.102539420127868652e-01
9.102029800415039062e-01
9.101766943931579590e-01
9.101452827453613281e-01
9.101345539093017578e-01
9.101374745368957520e-01
9.101709127426147461e-01
9.102088809013366699e-01
9.102731943130493164e-01
9.103207588195800781e-01
9.103508591651916504e-01
9.103031754493713379e-01
9.102239012718200684e-01
9.100331068038940430e-01
9.098380208015441895e-01
9.097322821617126465e-01
9.096996188163757324e-01
9.097144007682800293e-01
9.097474217414855957e-01
9.097902774810791016e-01
9.097763895988464355e-01
9.097310304641723633e-01
9.096454381942749023e-01
9.095454812049865723e-01
9.094682931900024414e-01
9.094140529632568359e-01
9.093760848045349121e-01
9.093600511550903320e-01
9.093638658523559570e-01
9.093595743179321289e-01
9.093649983406066895e-01
9.093592762947082520e-01
9.093393087387084961e-01
9.093074202537536621e-01
9.092624187469482422e-01
9.092137217521667480e-01
9.091433286666870117e-01
9.090952873229980469e-01
9.090589284896850586e-01
9.090102910995483398e-01
9.089710712432861328e-01
9.089179635047912598e-01
9.088765978813171387e-01
9.088462591171264648e-01
9.088181257247924805e-01
9.088107943534851074e-01
9.088433384895324707e-01
9.089021086692810059e-01
9.090678691864013672e-01
9.092735648155212402e-01
9.096569418907165527e-01
9.099903702735900879e-01
9.100793600082397461e-01
9.096388816833496094e-01
9.088933467864990234e-01
9.085028171539306641e-01
9.086991548538208008e-01
9.091642498970031738e-01
9.091537594795227051e-01
9.087820053100585938e-01
9.083927869796752930e-01
9.084404706954956055e-01
9.087519049644470215e-01
9.087993502616882324e-01
9.085494279861450195e-01
9.082475304603576660e-01
9.082606434822082520e-01
