1.071784853935241699e+00
1.067771911621093750e+00
1.063933968544006348e+00
1.060214519500732422e+00
1.056611657142639160e+00
1.053162336349487305e+00
1.049888849258422852e+00
1.046785593032836914e+00
1.043846964836120605e+00
1.041064143180847168e+00
1.038419246673583984e+00
1.035911917686462402e+00
1.033534646034240723e+00
1.031277537345886230e+00
1.029134511947631836e+00
1.027100682258605957e+00
1.025166511535644531e+00
1.023325443267822266e+00
1.021577119827270508e+00
1.019914269447326660e+00
1.018332242965698242e+00
1.016828060150146484e+00
1.015399217605590820e+00
1.014044404029846191e+00
1.012763142585754395e+00
1.011550784111022949e+00
1.010410785675048828e+00
1.009353041648864746e+00
1.008379220962524414e+00
1.007467746734619141e+00
1.006616592407226562e+00
1.005815744400024414e+00
1.005061149597167969e+00
1.004359483718872070e+00
1.003715038299560547e+00
1.003122687339782715e+00
1.002578139305114746e+00
1.002079367637634277e+00
1.001621961593627930e+00
1.001202821731567383e+00
1.000819563865661621e+00
1.000466465950012207e+00
1.000137448310852051e+00
9.998276829719543457e-01
9.995354413986206055e-01
9.992582798004150391e-01
9.989941716194152832e-01
9.987421631813049316e-01
9.985007643699645996e-01
9.982692599296569824e-01
9.980465769767761230e-01
9.978318810462951660e-01
9.976238012313842773e-01
9.974198341369628906e-01
9.972195625305175781e-01
9.970238804817199707e-01
9.968351125717163086e-01
9.966521859169006348e-01
9.964740872383117676e-01
9.963002204895019531e-01
9.961304068565368652e-01
9.959644675254821777e-01
9.958027601242065430e-01
9.956456422805786133e-01
9.954925775527954102e-01
9.953430891036987305e-01
9.951983690261840820e-01
9.950578212738037109e-01
9.949220418930053711e-01
9.947899580001831055e-01
9.946614503860473633e-01
9.945366978645324707e-01
9.944158196449279785e-01
9.942989945411682129e-01
9.941859245300292969e-01
9.940760731697082520e-01
9.939689040184020996e-01
9.938644170761108398e-01
9.937627911567687988e-01
9.936644434928894043e-01
9.935691356658935547e-01
9.934772253036499023e-01
9.933877587318420410e-01
9.932998418807983398e-01
9.932136535644531250e-01
9.931289553642272949e-01
9.930444359779357910e-01
9.929617047309875488e-01
9.928789734840393066e-01
9.927970767021179199e-01
9.927178621292114258e-01
9.926401376724243164e-01
9.925634264945983887e-01
9.924881458282470703e-01
9.924142360687255859e-01
9.923414587974548340e-01
9.922699332237243652e-01
9.921994209289550781e-01
9.921296834945678711e-01
9.920600652694702148e-01
9.919905066490173340e-01
9.919204711914062500e-01
9.918491840362548828e-01
9.917769432067871094e-01
9.917034506797790527e-01
9.916284680366516113e-01
9.915528297424316406e-01
9.914766550064086914e-01
9.913997054100036621e-01
9.913229942321777344e-01
9.912469387054443359e-01
9.911707639694213867e-01
9.910942316055297852e-01
9.910171627998352051e-01
9.909397363662719727e-01
9.908612966537475586e-01
9.907810091972351074e-01
9.906987547874450684e-01
9.906136393547058105e-01
9.905254244804382324e-01
9.904338717460632324e-01
9.903396368026733398e-01
9.902429580688476562e-01
9.901432394981384277e-01
9.900391697883605957e-01
9.899314641952514648e-01
9.898203611373901367e-01
9.897080063819885254e-01
9.895918965339660645e-01
9.894736409187316895e-01
9.893502593040466309e-01
9.892213344573974609e-01
9.890888929367065430e-01
9.889579415321350098e-01
9.888280630111694336e-01
9.887001514434814453e-01
9.885696768760681152e-01
9.884356856346130371e-01
9.882988333702087402e-01
9.881601929664611816e-01
9.880197048187255859e-01
9.878764152526855469e-01
9.877290725708007812e-01
9.875784516334533691e-01
9.874255657196044922e-01
9.872696995735168457e-01
9.871111512184143066e-01
9.869497418403625488e-01
9.867855310440063477e-01
9.866180419921875000e-01
9.864486455917358398e-01
9.862766861915588379e-01
9.861022830009460449e-01
9.859254956245422363e-01
9.857457876205444336e-01
9.855644106864929199e-01
9.853811860084533691e-01
9.851945042610168457e-01
9.850060939788818359e-01
9.848172664642333984e-01
9.846289157867431641e-01
9.844434857368469238e-01
9.842596650123596191e-01
9.840787649154663086e-01
9.838998913764953613e-01
9.837235212326049805e-01
9.835495352745056152e-01
9.833768010139465332e-01
9.832034111022949219e-01
9.830280542373657227e-01
9.828514456748962402e-01
9.826741814613342285e-01
9.824962019920349121e-01
9.823174476623535156e-01
9.821374416351318359e-01
9.819567203521728516e-01
9.817763566970825195e-01
9.815961122512817383e-01
9.814165830612182617e-01
9.812366962432861328e-01
9.810567498207092285e-01
9.808771610260009766e-01
9.806975126266479492e-01
9.805177450180053711e-01
9.803383946418762207e-01
9.801604747772216797e-01
9.799836277961730957e-01
9.798082113265991211e-01
9.796339869499206543e-01
9.794617891311645508e-01
9.792907834053039551e-01
9.791215062141418457e-01
9.789531826972961426e-01
9.787863492965698242e-01
9.786216616630554199e-01
9.784588813781738281e-01
9.782983064651489258e-01
9.781400561332702637e-01
9.779839515686035156e-01
9.778292179107666016e-01
9.776756763458251953e-01
9.775239825248718262e-01
9.773745536804199219e-01
9.772258996963500977e-01
9.770781397819519043e-01
9.769319295883178711e-01
9.767844080924987793e-01
9.766360521316528320e-01
9.764916896820068359e-01
9.763543605804443359e-01
9.762192964553833008e-01
9.760860204696655273e-01
9.759557247161865234e-01
9.758296608924865723e-01
9.757089018821716309e-01
9.755921959877014160e-01
9.754799008369445801e-01
9.753714799880981445e-01
9.752663969993591309e-01
9.751639962196350098e-01
9.750642776489257812e-01
9.749669432640075684e-01
9.748717546463012695e-01
9.747785925865173340e-01
9.746879935264587402e-01
9.745988249778747559e-01
9.745109677314758301e-01
9.744263887405395508e-01
9.743449091911315918e-01
9.742650389671325684e-01
9.741861820220947266e-01
9.741089940071105957e-01
9.740321636199951172e-01
9.739566445350646973e-01
9.738819003105163574e-01
9.738087654113769531e-01
9.737377762794494629e-01
9.736669659614562988e-01
9.735986590385437012e-01
9.735308289527893066e-01
9.734644889831542969e-01
9.733997583389282227e-01
9.733340144157409668e-01
9.732689857482910156e-01
9.732049107551574707e-01
9.731412529945373535e-01
9.730789661407470703e-01
9.730176329612731934e-01
9.729573130607604980e-01
9.728974103927612305e-01
9.728376865386962891e-01
9.727789163589477539e-01
9.727203845977783203e-01
9.726626873016357422e-01
9.726051688194274902e-01
9.725478887557983398e-01
9.724905490875244141e-01
9.724336266517639160e-01
9.723765254020690918e-01
9.723192453384399414e-01
9.722620844841003418e-01
9.722048044204711914e-01
9.721475839614868164e-01
9.720903635025024414e-01
9.720337390899658203e-01
9.719774127006530762e-01
9.719203114509582520e-01
9.718630909919738770e-01
9.718064665794372559e-01
9.717497825622558594e-01
9.716930985450744629e-01
9.716369509696960449e-01
9.715799093246459961e-01
9.715237021446228027e-01
9.714666008949279785e-01
9.714088439941406250e-01
9.713514447212219238e-01
9.712926745414733887e-01
9.712334871292114258e-01
9.711740612983703613e-01
9.711139202117919922e-01
9.710538387298583984e-01
9.709933996200561523e-01
9.709325432777404785e-01
9.708724021911621094e-01
9.708128571510314941e-01
9.707537889480590820e-01
9.706953167915344238e-01
9.706370830535888672e-01
9.705801606178283691e-01
9.705239534378051758e-01
9.704679846763610840e-01
9.704118967056274414e-01
9.703555107116699219e-01
9.702996015548706055e-01
9.702436327934265137e-01
9.701868295669555664e-01
9.701303839683532715e-01
9.700735807418823242e-01
9.700173139572143555e-01
9.699603915214538574e-01
9.699048399925231934e-01
9.698495268821716309e-01
9.697948098182678223e-01
9.697400331497192383e-01
9.696855545043945312e-01
9.696311354637145996e-01
9.695761203765869141e-01
9.695211052894592285e-01
9.694657921791076660e-01
9.694113731384277344e-01
9.693561792373657227e-01
9.693010449409484863e-01
9.692449569702148438e-01
9.691891074180603027e-01
9.691335558891296387e-01
9.690770506858825684e-01
9.690217971801757812e-01
9.689649939537048340e-01
9.689085483551025391e-01
9.688519239425659180e-01
9.687942266464233398e-01
9.687374830245971680e-01
9.686796069145202637e-01
9.686219692230224609e-01
9.685643911361694336e-01
9.685053229331970215e-01
9.684473276138305664e-01
9.683887362480163574e-01
9.683305025100708008e-01
9.682704806327819824e-01
9.682112932205200195e-01
9.681516289710998535e-01
9.680922031402587891e-01
9.680325984954833984e-01
9.679726362228393555e-01
9.679127335548400879e-01
9.678517580032348633e-01
9.677913188934326172e-01
9.677298069000244141e-01
9.676690697669982910e-01
9.676077365875244141e-01
9.675452709197998047e-01
9.674838185310363770e-01
9.674196839332580566e-01
9.673583507537841797e-01
9.672924280166625977e-01
9.672299623489379883e-01
9.671620726585388184e-01
9.670973420143127441e-01
9.670285582542419434e-01
9.669627547264099121e-01
9.668942093849182129e-01
9.668269753456115723e-01
9.667567014694213867e-01
9.666859507560729980e-01
9.666140079498291016e-01
9.665424823760986328e-01
9.664730429649353027e-01
9.664037227630615234e-01
9.663342833518981934e-01
9.662637710571289062e-01
9.661940336227416992e-01
9.661251902580261230e-01
9.660559296607971191e-01
9.659863114356994629e-01
9.659170508384704590e-01
9.658465385437011719e-01
9.657771587371826172e-01
9.657049775123596191e-01
9.656321406364440918e-01
9.655578136444091797e-01
9.654879570007324219e-01
9.654168486595153809e-01
9.653431177139282227e-01
9.652701020240783691e-01
9.651987552642822266e-01
9.651278853416442871e-01
9.650569558143615723e-01
9.649837017059326172e-01
9.649119377136230469e-01
9.648402333259582520e-01
9.647677540779113770e-01
9.646964669227600098e-01
9.646208286285400391e-01
9.645478129386901855e-01
9.644754528999328613e-01
9.644004106521606445e-01
9.643257856369018555e-01
9.642522335052490234e-01
9.641782045364379883e-01
9.641049504280090332e-01
9.640320539474487305e-01
9.639596343040466309e-01
9.638858437538146973e-01
9.638125896453857422e-01
9.637399315834045410e-01
9.636663794517517090e-01
9.635930657386779785e-01
9.635187983512878418e-01
9.634439945220947266e-01
9.633696675300598145e-01
9.632951617240905762e-01
9.632194638252258301e-01
9.631432294845581055e-01
9.630674719810485840e-01
9.629910588264465332e-01
9.629144072532653809e-01
9.628370404243469238e-01
9.627595543861389160e-01
9.626817107200622559e-01
9.626019001007080078e-01
9.625207185745239258e-01
9.624390602111816406e-01
9.623552560806274414e-01
9.622728824615478516e-01
9.621888995170593262e-01
9.621016383171081543e-01
9.620153903961181641e-01
9.619267582893371582e-01
9.618414044380187988e-01
9.617533683776855469e-01
9.616658091545104980e-01
9.615763425827026367e-01
9.614873528480529785e-01
9.614008069038391113e-01
9.613115191459655762e-01
9.612262845039367676e-01
9.611364603042602539e-01
9.610435366630554199e-01
9.609549045562744141e-01
9.608653187751770020e-01
9.607650637626647949e-01
9.606678485870361328e-01
9.605693817138671875e-01
9.604673385620117188e-01
9.603641629219055176e-01
9.602622389793395996e-01
9.601575136184692383e-01
9.600462317466735840e-01
9.599281549453735352e-01
9.598090648651123047e-01
9.596965909004211426e-01
9.595853686332702637e-01
9.594563841819763184e-01
9.593288302421569824e-01
9.592044353485107422e-01
9.590634703636169434e-01
9.589248895645141602e-01
9.587872028350830078e-01
9.586371779441833496e-01
9.584851861000061035e-01
9.583358168601989746e-01
9.581769108772277832e-01
9.580124020576477051e-01
9.578472971916198730e-01
9.576755762100219727e-01
9.574958086013793945e-01
9.573154449462890625e-01
9.571387171745300293e-01
9.569718837738037109e-01
9.567942023277282715e-01
9.566103219985961914e-01
9.564246535301208496e-01
9.562481641769409180e-01
9.560844302177429199e-01
9.559086561203002930e-01
9.557311534881591797e-01
9.555611610412597656e-01
9.553816914558410645e-01
9.552115201950073242e-01
9.550387859344482422e-01
9.548617005348205566e-01
9.546955227851867676e-01
9.545262455940246582e-01
9.543519616127014160e-01
9.541699290275573730e-01
9.539815783500671387e-01
9.537875056266784668e-01
9.535837769508361816e-01
9.533545374870300293e-01
9.531066417694091797e-01
9.528200626373291016e-01
9.525137543678283691e-01
9.521813988685607910e-01
9.518340229988098145e-01
9.515088796615600586e-01
9.512724280357360840e-01
9.512298703193664551e-01
9.506490230560302734e-01
9.502828717231750488e-01
9.502242803573608398e-01
9.497475624084472656e-01
9.495200514793395996e-01
9.493969678878784180e-01
9.490069150924682617e-01
9.489451050758361816e-01
9.486890435218811035e-01
9.484310746192932129e-01
9.483458399772644043e-01
9.480466842651367188e-01
9.479213953018188477e-01
9.477044939994812012e-01
9.475500583648681641e-01
9.474054574966430664e-01
9.472579956054687500e-01
9.471566677093505859e-01
9.470211863517761230e-01
9.469181299209594727e-01
9.467972517013549805e-01
9.466741085052490234e-01
9.465515613555908203e-01
9.464163780212402344e-01
9.462936520576477051e-01
9.461622238159179688e-01
9.460353851318359375e-01
9.459095597267150879e-01
9.457830190658569336e-01
9.456648826599121094e-01
9.455464482307434082e-01
9.454292654991149902e-01
9.453189373016357422e-01
9.452019929885864258e-01
9.450968503952026367e-01
9.449897408485412598e-01
9.448866844177246094e-01
9.447805285453796387e-01
9.446751475334167480e-01
9.445732235908508301e-01
9.444670081138610840e-01
9.443605542182922363e-01
9.442555308341979980e-01
9.441546201705932617e-01
9.440554380416870117e-01
9.439561963081359863e-01
9.438608884811401367e-01
9.437673091888427734e-01
9.436748027801513672e-01
9.435853958129882812e-01
9.434976577758789062e-01
9.434112310409545898e-01
9.433289766311645508e-01
9.432479739189147949e-01
9.431678652763366699e-01
9.430878758430480957e-01
9.430121779441833496e-01
9.429349899291992188e-01
9.428601861000061035e-01
9.427841901779174805e-01
9.427100419998168945e-01
9.426353573799133301e-01
9.425609111785888672e-01
9.424867033958435059e-01
9.424144029617309570e-01
9.423413276672363281e-01
9.422701597213745117e-01
9.421997070312500000e-01
9.421302676200866699e-01
9.420610666275024414e-01
9.419930577278137207e-01
9.419245123863220215e-01
9.418551921844482422e-01
9.417867064476013184e-01
9.417180418968200684e-01
9.416489005088806152e-01
9.415828585624694824e-01
9.415164589881896973e-01
9.414506554603576660e-01
9.413895010948181152e-01
9.413281083106994629e-01
9.412660002708435059e-01
9.412057399749755859e-01
9.411479234695434570e-01
9.410912394523620605e-01
9.410337209701538086e-01
9.409751296043395996e-01
9.409167170524597168e-01
9.408579468727111816e-01
9.407997727394104004e-01
9.407402873039245605e-01
9.406828284263610840e-01
9.406264424324035645e-01
9.405698180198669434e-01
9.405103921890258789e-01
9.404538273811340332e-01
9.403959512710571289e-01
9.403398036956787109e-01
9.402853250503540039e-01
9.402300715446472168e-01
9.401766657829284668e-01
9.401248097419738770e-01
9.400678873062133789e-01
9.400144219398498535e-01
9.399555325508117676e-01
9.399008750915527344e-01
9.398434758186340332e-01
9.397894740104675293e-01
9.397356510162353516e-01
9.396828413009643555e-01
9.396327137947082520e-01
9.395819306373596191e-01
9.395341277122497559e-01
9.394910931587219238e-01
9.394441246986389160e-01
9.393832087516784668e-01
9.393143653869628906e-01
9.392648339271545410e-01
9.392222166061401367e-01
9.391633272171020508e-01
9.391016364097595215e-01
9.390487074851989746e-01
9.389995932579040527e-01
9.389472007751464844e-01
9.388868212699890137e-01
9.388309121131896973e-01
9.387784600257873535e-01
9.387226104736328125e-01
9.386650323867797852e-01
9.386102557182312012e-01
9.385554194450378418e-01
9.384995698928833008e-01
9.384419322013854980e-01
9.383833408355712891e-01
9.383261203765869141e-01
9.382700920104980469e-01
9.382107257843017578e-01
9.381498098373413086e-01
9.380895495414733887e-01
9.380266666412353516e-01
9.379636645317077637e-01
9.378997087478637695e-01
9.378352761268615723e-01
9.377720952033996582e-01
9.377077221870422363e-01
9.376425743103027344e-01
9.375792145729064941e-01
9.375152587890625000e-01
9.374508857727050781e-01
9.373875260353088379e-01
9.373258352279663086e-01
9.372645616531372070e-01
9.372031688690185547e-01
9.371346831321716309e-01
9.370653629302978516e-01
9.370015263557434082e-01
9.369385242462158203e-01
9.368727207183837891e-01
9.368071556091308594e-01
9.367422461509704590e-01
9.366789460182189941e-01
9.366162419319152832e-01
9.365530610084533691e-01
9.364898800849914551e-01
9.364355206489562988e-01
9.363734126091003418e-01
9.363093376159667969e-01
9.362465739250183105e-01
9.361879825592041016e-01
9.361276030540466309e-01
9.360668659210205078e-01
9.360063672065734863e-01
9.359465241432189941e-01
9.358845949172973633e-01
9.358215928077697754e-01
9.357590079307556152e-01
9.356961250305175781e-01
9.356341958045959473e-01
9.355731010437011719e-01
9.355118870735168457e-01
9.354510307312011719e-01
9.353941082954406738e-01
9.353471398353576660e-01
9.353072643280029297e-01
9.352608919143676758e-01
9.351807236671447754e-01
9.350948333740234375e-01
9.350206851959228516e-01
9.349811673164367676e-01
9.349473714828491211e-01
9.348901510238647461e-01
9.348052144050598145e-01
9.347233772277832031e-01
9.346880912780761719e-01
9.346617460250854492e-01
9.345890879631042480e-01
9.344966411590576172e-01
9.344288706779479980e-01
9.343895912170410156e-01
9.343401789665222168e-01
9.342550039291381836e-01
9.341848492622375488e-01
9.341349005699157715e-01
9.340795278549194336e-01
9.340111613273620605e-01
9.339409470558166504e-01
9.338939785957336426e-01
9.338347315788269043e-01
9.337613582611083984e-01
9.337077140808105469e-01
9.336491227149963379e-01
9.335838556289672852e-01
9.335237145423889160e-01
9.334614276885986328e-01
9.334064722061157227e-01
9.333500266075134277e-01
9.332813620567321777e-01
9.332243204116821289e-01
9.331734180450439453e-01
9.331102371215820312e-01
9.330457448959350586e-01
9.329892992973327637e-01
9.329339861869812012e-01
9.328697323799133301e-01
9.328117966651916504e-01
9.327518343925476074e-01
9.326930046081542969e-01
9.326429367065429688e-01
9.325928092002868652e-01
9.325337409973144531e-01
9.324694275856018066e-01
9.324079751968383789e-01
9.323397278785705566e-01
9.322812557220458984e-01
9.322295188903808594e-01
9.321656227111816406e-01
9.321122169494628906e-01
9.320621490478515625e-01
9.320029020309448242e-01
9.319629073143005371e-01
9.319297075271606445e-01
9.318835735321044922e-01
9.318273067474365234e-01
9.317281842231750488e-01
9.316374659538269043e-01
9.315985441207885742e-01
9.315835237503051758e-01
9.315543770790100098e-01
9.314498305320739746e-01
9.313596487045288086e-01
9.312978386878967285e-01
9.312787652015686035e-01
9.312630891799926758e-01
9.311664700508117676e-01
9.310659170150756836e-01
9.309976696968078613e-01
9.309632182121276855e-01
9.309264421463012695e-01
9.308212399482727051e-01
9.307466149330139160e-01
9.307058453559875488e-01
9.306582212448120117e-01
9.305952191352844238e-01
9.305087327957153320e-01
9.304384589195251465e-01
9.303837418556213379e-01
9.303297996520996094e-01
9.302791953086853027e-01
9.302086234092712402e-01
9.301276206970214844e-01
9.300600290298461914e-01
9.299983382225036621e-01
9.299351572990417480e-01
9.298713803291320801e-01
9.298017621040344238e-01
9.297233819961547852e-01
9.296575784683227539e-01
9.295871257781982422e-01
9.295247793197631836e-01
9.294700026512145996e-01
9.293973445892333984e-01
9.293317198753356934e-01
9.292666316032409668e-01
9.291961193084716797e-01
9.291253089904785156e-01
9.290550947189331055e-01
9.289831519126892090e-01
9.289138913154602051e-01
9.288485646247863770e-01
9.287814497947692871e-01
9.287192225456237793e-01
9.286594986915588379e-01
9.286108613014221191e-01
9.285633563995361328e-01
9.284951090812683105e-01
9.283978939056396484e-01
9.282954931259155273e-01
9.282063841819763184e-01
9.281231164932250977e-01
9.280495643615722656e-01
9.279587268829345703e-01
9.278177022933959961e-01
9.276431202888488770e-01
9.274237751960754395e-01
9.271715879440307617e-01
9.268525838851928711e-01
9.264509081840515137e-01
9.259910583496093750e-01
9.254169464111328125e-01
9.248728752136230469e-01
9.245178103446960449e-01
9.241651296615600586e-01
9.238024950027465820e-01
9.233782291412353516e-01
9.229347705841064453e-01
9.225584268569946289e-01
9.222690463066101074e-01
9.219969511032104492e-01
9.217126369476318359e-01
9.214323163032531738e-01
9.211273193359375000e-01
9.207995533943176270e-01
9.204847216606140137e-01
9.202153086662292480e-01
9.199712872505187988e-01
9.197268486022949219e-01
9.195004701614379883e-01
9.192897677421569824e-01
9.190816283226013184e-01
9.188937544822692871e-01
9.187255501747131348e-01
9.185621142387390137e-01
9.183783531188964844e-01
9.181949496269226074e-01
9.180195927619934082e-01
9.178477525711059570e-01
9.176741838455200195e-01
9.175116419792175293e-01
9.173584580421447754e-01
9.172137975692749023e-01
9.170613288879394531e-01
9.169034957885742188e-01
9.167300462722778320e-01
9.165384769439697266e-01
9.163513779640197754e-01
9.161427617073059082e-01
9.159336686134338379e-01
9.157203435897827148e-01
9.155112504959106445e-01
9.153390526771545410e-01
9.152052998542785645e-01
9.150462746620178223e-01
9.149098396301269531e-01
9.146906733512878418e-01
9.144558906555175781e-01
9.142796397209167480e-01
9.141529798507690430e-01
9.140514731407165527e-01
9.139234423637390137e-01
9.137613773345947266e-01
9.135816097259521484e-01
9.134321808815002441e-01
9.133121371269226074e-01
9.131934046745300293e-01
9.130619764328002930e-01
9.129360318183898926e-01
9.127641916275024414e-01
9.126107096672058105e-01
9.124732017517089844e-01
9.123566150665283203e-01
9.122630953788757324e-01
9.121731519699096680e-01
9.121304750442504883e-01
9.120708703994750977e-01
9.118793606758117676e-01
9.116455912590026855e-01
9.114804267883300781e-01
9.114069342613220215e-01
9.113623499870300293e-01
9.112741351127624512e-01
9.111079573631286621e-01
9.109118580818176270e-01
9.107736945152282715e-01
9.107024073600769043e-01
9.106202125549316406e-01
9.104856252670288086e-01
9.103160500526428223e-01
9.101970195770263672e-01
9.101121425628662109e-01
9.100115299224853516e-01
9.098859429359436035e-01
9.097519516944885254e-01
9.096363186836242676e-01
9.095265865325927734e-01
9.094260334968566895e-01
9.093141555786132812e-01
9.092003107070922852e-01
9.090882539749145508e-01
9.089671373367309570e-01
9.088435173034667969e-01
9.087237119674682617e-01
9.086133837699890137e-01
9.085175395011901855e-01
9.084306359291076660e-01
9.083395600318908691e-01
9.082078337669372559e-01
9.080616831779479980e-01
9.079191088676452637e-01
9.078074097633361816e-01
9.077172279357910156e-01
9.076219797134399414e-01
9.075312018394470215e-01
9.074243307113647461e-01
9.073171019554138184e-01
9.072145223617553711e-01
9.071172475814819336e-01
9.070275425910949707e-01
9.069364666938781738e-01
9.068505167961120605e-01
9.067615270614624023e-01
9.066681861877441406e-01
9.065701961517333984e-01
9.064738750457763672e-01
9.063818454742431641e-01
9.062923192977905273e-01
9.062023758888244629e-01
9.061129093170166016e-01
9.060213565826416016e-01
9.059255719184875488e-01
9.058202505111694336e-01
9.057218432426452637e-01
9.056326746940612793e-01
9.055502414703369141e-01
9.055043458938598633e-01
9.054695367813110352e-01
9.054079055786132812e-01
9.052568078041076660e-01
9.050504565238952637e-01
9.048920869827270508e-01
9.048113226890563965e-01
9.047712087631225586e-01
9.047199487686157227e-01
9.046218991279602051e-01
9.044343829154968262e-01
9.042626619338989258e-01
9.041447043418884277e-01
9.040514826774597168e-01
9.039791822433471680e-01
9.038990139961242676e-01
9.037714600563049316e-01
9.036018848419189453e-01
9.034485220909118652e-01
9.033200144767761230e-01
9.031975865364074707e-01
9.030712246894836426e-01
9.029317498207092285e-01
9.027810096740722656e-01
9.026182889938354492e-01
9.024583697319030762e-01
9.023052453994750977e-01
9.021508097648620605e-01
9.020003676414489746e-01
9.018493294715881348e-01
9.016960859298706055e-01
9.015452861785888672e-01
9.013919234275817871e-01
9.012358188629150391e-01
9.010784029960632324e-01
9.009244441986083984e-01
9.007747769355773926e-01
9.006279110908508301e-01
9.004856944084167480e-01
9.003484845161437988e-01
9.002183079719543457e-01
9.000852704048156738e-01
8.999643921852111816e-01
8.998501896858215332e-01
8.997507095336914062e-01
8.996540904045104980e-01
8.995561599731445312e-01
8.994998335838317871e-01
8.994141817092895508e-01
8.993396162986755371e-01
8.992053270339965820e-01
8.990198373794555664e-01
8.988171815872192383e-01
8.987237811088562012e-01
8.986940383911132812e-01
8.986073732376098633e-01
8.984594941139221191e-01
8.982579112052917480e-01
8.981246352195739746e-01
8.980491161346435547e-01
8.979450464248657227e-01
8.978289961814880371e-01
8.976765871047973633e-01
8.975482583045959473e-01
8.974555730819702148e-01
8.973623514175415039e-01
8.972609043121337891e-01
8.971350789070129395e-01
8.970206975936889648e-01
8.969158530235290527e-01
8.968208432197570801e-01
8.967279791831970215e-01
8.966302871704101562e-01
8.965322971343994141e-01
8.964347839355468750e-01
8.963413834571838379e-01
8.962416052818298340e-01
8.961424827575683594e-01
