1.029514312744140625e+00
1.027349829673767090e+00
1.025280237197875977e+00
1.023308157920837402e+00
1.021435379981994629e+00
1.019663453102111816e+00
1.017991542816162109e+00
1.016419053077697754e+00
1.014942884445190430e+00
1.013558626174926758e+00
1.012264609336853027e+00
1.011055469512939453e+00
1.009927749633789062e+00
1.008878707885742188e+00
1.007904767990112305e+00
1.007003545761108398e+00
1.006173729896545410e+00
1.005409836769104004e+00
1.004711151123046875e+00
1.004073739051818848e+00
1.003494501113891602e+00
1.002970218658447266e+00
1.002495884895324707e+00
1.002068877220153809e+00
1.001685380935668945e+00
1.001347780227661133e+00
1.001063466072082520e+00
1.000815272331237793e+00
1.000603795051574707e+00
1.000422716140747070e+00
1.000263810157775879e+00
1.000121593475341797e+00
9.999935626983642578e-01
9.998773336410522461e-01
9.997708201408386230e-01
9.996721744537353516e-01
9.995803236961364746e-01
9.994942545890808105e-01
9.994131922721862793e-01
9.993367791175842285e-01
9.992659091949462891e-01
9.992010593414306641e-01
9.991398453712463379e-01
9.990828037261962891e-01
9.990287423133850098e-01
9.989753365516662598e-01
9.989218115806579590e-01
9.988679289817810059e-01
9.988136291503906250e-01
9.987590909004211426e-01
9.987038969993591309e-01
9.986483454704284668e-01
9.985918402671813965e-01
9.985343217849731445e-01
9.984756708145141602e-01
9.984152913093566895e-01
9.983525872230529785e-01
9.982872605323791504e-01
9.982196092605590820e-01
9.981506466865539551e-01
9.980800151824951172e-01
9.980072379112243652e-01
9.979333281517028809e-01
9.978582262992858887e-01
9.977816343307495117e-01
9.977030158042907715e-01
9.976224899291992188e-01
9.975396394729614258e-01
9.974547624588012695e-01
9.973675608634948730e-01
9.972783327102661133e-01
9.971873760223388672e-01
9.970942735671997070e-01
9.969989061355590820e-01
9.969007968902587891e-01
9.968009591102600098e-01
9.966980814933776855e-01
9.965929388999938965e-01
9.964859485626220703e-01
9.963759183883666992e-01
9.962638020515441895e-01
9.961485266685485840e-01
9.960306882858276367e-01
9.959101676940917969e-01
9.957880377769470215e-01
9.956641793251037598e-01
9.955375194549560547e-01
9.954093098640441895e-01
9.952797293663024902e-01
9.951478242874145508e-01
9.950112700462341309e-01
9.948722720146179199e-01
9.947354793548583984e-01
9.945969581604003906e-01
9.944555759429931641e-01
9.943115115165710449e-01
9.941662549972534180e-01
9.940214753150939941e-01
9.938773512840270996e-01
9.937325716018676758e-01
9.935854673385620117e-01
9.934370517730712891e-01
9.932881593704223633e-01
9.931394457817077637e-01
9.929919242858886719e-01
9.928438663482666016e-01
9.926947355270385742e-01
9.925448894500732422e-01
9.923938512802124023e-01
9.922416806221008301e-01
9.920886158943176270e-01
9.919341802597045898e-01
9.917774200439453125e-01
9.916188716888427734e-01
9.914591908454895020e-01
9.912980794906616211e-01
9.911354184150695801e-01
9.909708499908447266e-01
9.908042550086975098e-01
9.906355738639831543e-01
9.904640913009643555e-01
9.902905821800231934e-01
9.901149868965148926e-01
9.899352192878723145e-01
9.897504448890686035e-01
9.895511269569396973e-01
9.893333911895751953e-01
9.890975356101989746e-01
9.888526201248168945e-01
9.886018633842468262e-01
9.883552789688110352e-01
9.881173372268676758e-01
9.878882765769958496e-01
9.876626729965209961e-01
9.874384999275207520e-01
9.872084259986877441e-01
9.869740009307861328e-01
9.867390990257263184e-01
9.865056276321411133e-01
9.862747192382812500e-01
9.860475063323974609e-01
9.858230948448181152e-01
9.856000542640686035e-01
9.853776693344116211e-01
9.851548671722412109e-01
9.849343299865722656e-01
9.847170114517211914e-01
9.845031499862670898e-01
9.842911958694458008e-01
9.840809106826782227e-01
9.838708043098449707e-01
9.836624264717102051e-01
9.834527373313903809e-01
9.832381606101989746e-01
9.830161333084106445e-01
9.827849268913269043e-01
9.825446009635925293e-01
9.822999835014343262e-01
9.820522665977478027e-01
9.818041324615478516e-01
9.815570116043090820e-01
9.813084602355957031e-01
9.810686707496643066e-01
9.808427691459655762e-01
9.806299209594726562e-01
9.804232716560363770e-01
9.802215099334716797e-01
9.800286293029785156e-01
9.798423051834106445e-01
9.796646237373352051e-01
9.795002937316894531e-01
9.793469309806823730e-01
9.791990518569946289e-01
9.790558815002441406e-01
9.789178967475891113e-01
9.787847995758056641e-01
9.786556959152221680e-01
9.785292148590087891e-01
9.784058928489685059e-01
9.782869815826416016e-01
9.781713485717773438e-01
9.780596494674682617e-01
9.779454469680786133e-01
9.778322577476501465e-01
9.777249693870544434e-01
9.776214957237243652e-01
9.775172472000122070e-01
9.774111509323120117e-01
9.773042201995849609e-01
9.771987795829772949e-01
9.770947694778442383e-01
9.769906997680664062e-01
9.768840670585632324e-01
9.767709970474243164e-01
9.766790866851806641e-01
9.765792489051818848e-01
9.764752388000488281e-01
9.763709902763366699e-01
9.762792587280273438e-01
9.761877059936523438e-01
9.760887622833251953e-01
9.759886860847473145e-01
9.758899211883544922e-01
9.757961034774780273e-01
9.757043719291687012e-01
9.756092429161071777e-01
9.755113124847412109e-01
9.754135012626647949e-01
9.753180742263793945e-01
9.752243757247924805e-01
9.751326441764831543e-01
9.750379323959350586e-01
9.749395847320556641e-01
9.748448729515075684e-01
9.747516512870788574e-01
9.746577739715576172e-01
9.745620489120483398e-01
9.744635224342346191e-01
9.743646979331970215e-01
9.742645025253295898e-01
9.741606712341308594e-01
9.740554094314575195e-01
9.739488363265991211e-01
9.738398790359497070e-01
9.737274646759033203e-01
9.736112952232360840e-01
9.734927415847778320e-01
9.733718037605285645e-01
9.732503294944763184e-01
9.731277823448181152e-01
9.730044007301330566e-01
9.728810191154479980e-01
9.727602005004882812e-01
9.726415872573852539e-01
9.725222587585449219e-01
9.723984599113464355e-01
9.722666144371032715e-01
9.721279144287109375e-01
9.719886183738708496e-01
9.718469381332397461e-01
9.717016220092773438e-01
9.715545773506164551e-01
9.714080691337585449e-01
9.712612032890319824e-01
9.711152911186218262e-01
9.709677696228027344e-01
9.708216786384582520e-01
9.706823825836181641e-01
9.705407619476318359e-01
9.703938961029052734e-01
9.702443480491638184e-01
9.700927138328552246e-01
9.699402451515197754e-01
9.697878956794738770e-01
9.696356058120727539e-01
9.694852828979492188e-01
9.693338871002197266e-01
9.691826105117797852e-01
9.690300822257995605e-01
9.688755869865417480e-01
9.687222242355346680e-01
9.685703516006469727e-01
9.684174656867980957e-01
9.682641029357910156e-01
9.681110382080078125e-01
9.679568409919738770e-01
9.678021669387817383e-01
9.676488637924194336e-01
9.674949645996093750e-01
9.673408269882202148e-01
9.671834111213684082e-01
9.670236110687255859e-01
9.668597579002380371e-01
9.666898846626281738e-01
9.665150046348571777e-01
9.663407206535339355e-01
9.661760926246643066e-01
9.660242199897766113e-01
9.658847451210021973e-01
9.657518267631530762e-01
9.656185507774353027e-01
9.654806256294250488e-01
9.653438329696655273e-01
9.652109742164611816e-01
9.650793671607971191e-01
9.649464488029479980e-01
9.648134112358093262e-01
9.646788835525512695e-01
9.645438790321350098e-01
9.644082188606262207e-01
9.642702341079711914e-01
9.641361236572265625e-01
9.640036225318908691e-01
9.638761878013610840e-01
9.637534618377685547e-01
9.636253118515014648e-01
9.634956121444702148e-01
9.633574485778808594e-01
9.632341861724853516e-01
9.631268978118896484e-01
9.630139470100402832e-01
9.628636240959167480e-01
9.627343416213989258e-01
9.626246690750122070e-01
9.624899029731750488e-01
9.623540043830871582e-01
9.622359275817871094e-01
9.621068239212036133e-01
9.619690179824829102e-01
9.618351459503173828e-01
9.617038965225219727e-01
9.615732431411743164e-01
9.614318013191223145e-01
9.612862467765808105e-01
9.611406326293945312e-01
9.609951972961425781e-01
9.608495831489562988e-01
9.607062935829162598e-01
9.605854153633117676e-01
9.603949189186096191e-01
9.602352976799011230e-01
9.600837826728820801e-01
9.599348306655883789e-01
9.597969055175781250e-01
9.596502184867858887e-01
9.595184922218322754e-01
9.593727588653564453e-01
9.592514038085937500e-01
9.591247439384460449e-01
9.589685201644897461e-01
9.588831663131713867e-01
9.587069153785705566e-01
9.586176276206970215e-01
9.584679007530212402e-01
9.583312273025512695e-01
9.582427144050598145e-01
9.580955505371093750e-01
9.579757452011108398e-01
9.578643441200256348e-01
9.577316045761108398e-01
9.576383829116821289e-01
9.575014710426330566e-01
9.574182629585266113e-01
9.572831988334655762e-01
9.571918249130249023e-01
9.570703506469726562e-01
9.569702148437500000e-01
9.568735957145690918e-01
9.567540884017944336e-01
9.566749334335327148e-01
9.565537571907043457e-01
9.564641118049621582e-01
9.563584923744201660e-01
9.562538862228393555e-01
9.561596512794494629e-01
9.560540318489074707e-01
9.559622406959533691e-01
9.558552503585815430e-01
9.557614922523498535e-01
9.556580781936645508e-01
9.555633068084716797e-01
9.554597735404968262e-01
9.553622603416442871e-01
9.552596211433410645e-01
9.551547169685363770e-01
9.550535082817077637e-01
9.549465775489807129e-01
9.548420310020446777e-01
9.547335505485534668e-01
9.546254873275756836e-01
9.545155763626098633e-01
9.544019103050231934e-01
9.542890787124633789e-01
9.541708230972290039e-01
9.540484547615051270e-01
9.539222121238708496e-01
9.537928700447082520e-01
9.536610841751098633e-01
9.535186290740966797e-01
9.533761739730834961e-01
9.532335400581359863e-01
9.530898928642272949e-01
9.529489278793334961e-01
9.528077244758605957e-01
9.526672959327697754e-01
9.525285959243774414e-01
9.523925781250000000e-01
9.522627592086791992e-01
9.521366953849792480e-01
9.520123004913330078e-01
9.518902301788330078e-01
9.517681002616882324e-01
9.516447782516479492e-01
9.515222311019897461e-01
9.513987898826599121e-01
9.512746930122375488e-01
9.511507749557495117e-01
9.510276317596435547e-01
9.509023427963256836e-01
9.507753849029541016e-01
9.506489038467407227e-01
9.505197405815124512e-01
9.503920078277587891e-01
9.502630829811096191e-01
9.501336812973022461e-01
9.500030279159545898e-01
9.498726725578308105e-01
9.497396349906921387e-01
9.496055841445922852e-01
9.494724273681640625e-01
9.493365287780761719e-01
9.492019414901733398e-01
9.490653872489929199e-01
9.489310383796691895e-01
9.487961530685424805e-01
9.486616849899291992e-01
9.485280513763427734e-01
9.483937025070190430e-01
9.482585191726684570e-01
9.481213092803955078e-01
9.479846954345703125e-01
9.478483200073242188e-01
9.477063417434692383e-01
9.475604295730590820e-01
9.474136829376220703e-01
9.472767710685729980e-01
9.471344947814941406e-01
9.469982385635375977e-01
9.468683600425720215e-01
9.467334747314453125e-01
9.465979337692260742e-01
9.464639425277709961e-01
9.463363885879516602e-01
9.462060332298278809e-01
9.460712671279907227e-01
9.459331631660461426e-01
9.457941651344299316e-01
9.456598162651062012e-01
9.455264806747436523e-01
9.453967809677124023e-01
9.452741742134094238e-01
9.451638460159301758e-01
9.450578093528747559e-01
9.448992609977722168e-01
9.447423219680786133e-01
9.445946216583251953e-01
9.444668889045715332e-01
9.443504214286804199e-01
9.442378282546997070e-01
9.441291093826293945e-01
9.439914822578430176e-01
9.438450932502746582e-01
9.437086582183837891e-01
9.435955882072448730e-01
9.434790015220642090e-01
9.433509707450866699e-01
9.432183504104614258e-01
9.430933594703674316e-01
9.429762959480285645e-01
9.428559541702270508e-01
9.427353143692016602e-01
9.426162838935852051e-01
9.424966573715209961e-01
9.423795938491821289e-01
9.422634243965148926e-01
9.421489834785461426e-01
9.420340657234191895e-01
9.419155120849609375e-01
9.418036937713623047e-01
9.416862726211547852e-01
9.415747523307800293e-01
9.414633512496948242e-01
9.413618445396423340e-01
9.412386417388916016e-01
9.411244988441467285e-01
9.410070180892944336e-01
9.408993124961853027e-01
9.407962560653686523e-01
9.407126307487487793e-01
9.406076073646545410e-01
9.405172467231750488e-01
9.403628706932067871e-01
9.402424693107604980e-01
9.401448965072631836e-01
9.400613903999328613e-01
9.400046467781066895e-01
9.398593902587890625e-01
9.397397041320800781e-01
9.396452903747558594e-01
9.395671486854553223e-01
9.395167231559753418e-01
9.393772482872009277e-01
9.392629861831665039e-01
9.392057061195373535e-01
9.391045570373535156e-01
9.390197396278381348e-01
9.388908743858337402e-01
9.388361573219299316e-01
9.387937188148498535e-01
9.386209249496459961e-01
9.385638833045959473e-01
9.385614395141601562e-01
9.383469820022583008e-01
9.383460879325866699e-01
9.383710622787475586e-01
9.380799531936645508e-01
9.382032155990600586e-01
9.380883574485778809e-01
9.378740191459655762e-01
9.379383325576782227e-01
9.376727342605590820e-01
9.376747012138366699e-01
9.375175237655639648e-01
9.374552965164184570e-01
9.373893141746520996e-01
9.372583031654357910e-01
9.372252821922302246e-01
9.370684027671813965e-01
9.370489120483398438e-01
9.368890523910522461e-01
9.368565678596496582e-01
9.367306828498840332e-01
9.366417527198791504e-01
9.365656971931457520e-01
9.364361763000488281e-01
9.363958239555358887e-01
9.362746477127075195e-01
9.362034201622009277e-01
9.361268281936645508e-01
9.360222220420837402e-01
9.359725117683410645e-01
9.358789920806884766e-01
9.358150362968444824e-01
9.357661604881286621e-01
9.356624484062194824e-01
9.356188774108886719e-01
9.355484247207641602e-01
9.354631304740905762e-01
9.354239106178283691e-01
9.353266358375549316e-01
9.352647066116333008e-01
9.352049827575683594e-01
9.351196885108947754e-01
9.350576400756835938e-01
9.349889159202575684e-01
9.349191784858703613e-01
9.348559975624084473e-01
9.347912669181823730e-01
9.347220063209533691e-01
9.346574544906616211e-01
9.345953464508056641e-01
9.345257282257080078e-01
9.344579577445983887e-01
9.343965053558349609e-01
9.343334436416625977e-01
9.342719316482543945e-01
9.342136979103088379e-01
9.341559410095214844e-01
9.340974092483520508e-01
9.340383410453796387e-01
9.339802861213684082e-01
9.339237213134765625e-01
9.338678121566772461e-01
9.338109493255615234e-01
9.337531924247741699e-01
9.336954355239868164e-01
9.336410760879516602e-01
9.335873723030090332e-01
9.335299730300903320e-01
9.334700107574462891e-01
9.334127902984619141e-01
9.333689808845520020e-01
9.333204030990600586e-01
9.332592487335205078e-01
9.331978559494018555e-01
9.331439733505249023e-01
9.330952763557434082e-01
9.330480098724365234e-01
9.330147504806518555e-01
9.329867959022521973e-01
9.329439401626586914e-01
9.328763484954833984e-01
9.327864050865173340e-01
9.327341318130493164e-01
9.327137470245361328e-01
9.326916337013244629e-01
9.326452612876892090e-01
9.325678944587707520e-01
9.324833154678344727e-01
9.324461221694946289e-01
9.324305057525634766e-01
9.323887228965759277e-01
9.323313236236572266e-01
9.322532415390014648e-01
9.322050213813781738e-01
9.321798086166381836e-01
9.321361780166625977e-01
9.320758581161499023e-01
9.320228099822998047e-01
9.319803714752197266e-01
9.319508671760559082e-01
9.319010972976684570e-01
9.318466186523437500e-01
9.318019151687622070e-01
9.317612051963806152e-01
9.317173957824707031e-01
9.316766262054443359e-01
9.316331744194030762e-01
9.315884709358215332e-01
9.315447807312011719e-01
9.315058588981628418e-01
9.314588904380798340e-01
9.314152002334594727e-01
9.313723444938659668e-01
9.313370585441589355e-01
9.312974214553833008e-01
9.312516450881958008e-01
9.311975836753845215e-01
9.311557412147521973e-01
9.311264753341674805e-01
9.310929179191589355e-01
9.310550093650817871e-01
9.309937357902526855e-01
9.309528470039367676e-01
9.309489727020263672e-01
9.309254884719848633e-01
9.308968186378479004e-01
9.308063387870788574e-01
9.307541251182556152e-01
9.307639002799987793e-01
9.307509064674377441e-01
9.306817650794982910e-01
9.306082129478454590e-01
9.305977225303649902e-01
9.305827021598815918e-01
9.305770993232727051e-01
9.304995536804199219e-01
9.304217100143432617e-01
9.303771853446960449e-01
9.303437471389770508e-01
9.303153157234191895e-01
9.302938580513000488e-01
9.302573204040527344e-01
9.302031397819519043e-01
9.301556944847106934e-01
9.301158785820007324e-01
9.300885200500488281e-01
9.300650358200073242e-01
9.300581812858581543e-01
9.300337433815002441e-01
9.299831390380859375e-01
9.299216270446777344e-01
9.298721551895141602e-01
9.298359751701354980e-01
9.298003911972045898e-01
9.297634959220886230e-01
9.297390580177307129e-01
9.297125339508056641e-01
9.297047257423400879e-01
9.297205805778503418e-01
9.297223091125488281e-01
9.296398758888244629e-01
9.295424818992614746e-01
9.294924736022949219e-01
9.294683337211608887e-01
9.294748902320861816e-01
9.294918775558471680e-01
9.294478893280029297e-01
9.293487071990966797e-01
9.293030500411987305e-01
9.293355941772460938e-01
9.293625950813293457e-01
9.293329715728759766e-01
9.292033910751342773e-01
9.291489720344543457e-01
9.292131662368774414e-01
9.291820526123046875e-01
9.290599822998046875e-01
9.290170669555664062e-01
9.290263652801513672e-01
9.289894700050354004e-01
9.289301037788391113e-01
9.288835525512695312e-01
9.288731217384338379e-01
9.288489222526550293e-01
9.288028478622436523e-01
9.287642240524291992e-01
9.287403821945190430e-01
9.287409782409667969e-01
9.287153482437133789e-01
9.286553859710693359e-01
9.286124706268310547e-01
9.285970926284790039e-01
9.285932779312133789e-01
9.285866022109985352e-01
9.285473823547363281e-01
9.284867644309997559e-01
9.284444451332092285e-01
9.284486174583435059e-01
9.284725785255432129e-01
9.284572601318359375e-01
9.283742308616638184e-01
9.283115863800048828e-01
9.283787012100219727e-01
9.284266233444213867e-01
9.283431172370910645e-01
9.282273054122924805e-01
9.281935691833496094e-01
9.282500743865966797e-01
9.282447099685668945e-01
9.281187653541564941e-01
9.280746579170227051e-01
9.280837178230285645e-01
9.280632734298706055e-01
9.280102849006652832e-01
9.279493689537048340e-01
9.279455542564392090e-01
9.279577732086181641e-01
9.279199242591857910e-01
9.278578758239746094e-01
9.278082847595214844e-01
9.278065562248229980e-01
9.278355836868286133e-01
9.277715682983398438e-01
9.276995658874511719e-01
9.276890158653259277e-01
9.277166724205017090e-01
9.276692271232604980e-01
9.275935292243957520e-01
9.275779128074645996e-01
9.275976419448852539e-01
9.275406002998352051e-01
9.274700880050659180e-01
9.274515509605407715e-01
9.274679422378540039e-01
9.274600148200988770e-01
9.273747801780700684e-01
9.273293018341064453e-01
9.273189902305603027e-01
9.273180365562438965e-01
9.272808432579040527e-01
9.272359013557434082e-01
9.271999001502990723e-01
9.271917939186096191e-01
9.271894097328186035e-01
9.271659255027770996e-01
9.271115660667419434e-01
9.270726442337036133e-01
9.270599484443664551e-01
9.270505309104919434e-01
9.270315766334533691e-01
9.269893169403076172e-01
9.269481301307678223e-01
9.269413948059082031e-01
9.269345402717590332e-01
9.269186854362487793e-01
9.268713593482971191e-01
9.268249869346618652e-01
9.268118739128112793e-01
9.267917275428771973e-01
9.267598390579223633e-01
9.267294406890869141e-01
9.267100691795349121e-01
9.267008900642395020e-01
9.266647100448608398e-01
9.266315698623657227e-01
9.266047477722167969e-01
9.265858530998229980e-01
9.265595674514770508e-01
9.265302419662475586e-01
9.265105724334716797e-01
9.264910221099853516e-01
9.264591336250305176e-01
9.264329075813293457e-01
9.264149069786071777e-01
9.263906478881835938e-01
9.263655543327331543e-01
9.263404607772827148e-01
9.263179898262023926e-01
9.262943267822265625e-01
9.262723922729492188e-01
9.262526631355285645e-01
9.262180328369140625e-01
9.261893033981323242e-01
9.261708855628967285e-01
9.261642694473266602e-01
9.261882901191711426e-01
9.261428117752075195e-01
9.261110424995422363e-01
9.260599613189697266e-01
9.260308146476745605e-01
9.260480403900146484e-01
9.260373115539550781e-01
9.259920120239257812e-01
9.259352087974548340e-01
9.259148240089416504e-01
9.258881211280822754e-01
9.258762001991271973e-01
9.258905649185180664e-01
9.258295893669128418e-01
9.258032441139221191e-01
9.257923960685729980e-01
9.257752895355224609e-01
9.257754087448120117e-01
9.257554411888122559e-01
9.257833957672119141e-01
9.256989955902099609e-01
9.256544709205627441e-01
9.256097078323364258e-01
9.255856275558471680e-01
9.256120324134826660e-01
9.255850315093994141e-01
9.255259633064270020e-01
9.255187511444091797e-01
9.255549311637878418e-01
9.254976511001586914e-01
9.255154132843017578e-01
9.254258275032043457e-01
9.253770112991333008e-01
9.253992438316345215e-01
9.254176020622253418e-01
9.255859255790710449e-01
9.254615306854248047e-01
9.253444671630859375e-01
9.252559542655944824e-01
9.252157807350158691e-01
9.252346158027648926e-01
9.252591729164123535e-01
9.253947138786315918e-01
9.252895116806030273e-01
9.252308011054992676e-01
9.250950813293457031e-01
9.251665472984313965e-01
9.254567623138427734e-01
9.252926111221313477e-01
9.250304102897644043e-01
9.250258207321166992e-01
9.252175092697143555e-01
9.251103401184082031e-01
9.249178171157836914e-01
9.251874685287475586e-01
9.252111315727233887e-01
9.248948693275451660e-01
9.249698519706726074e-01
9.253227710723876953e-01
9.248750209808349609e-01
9.248185753822326660e-01
9.250276684761047363e-01
9.248121976852416992e-01
9.246934652328491211e-01
9.247171282768249512e-01
9.246592521667480469e-01
9.246253967285156250e-01
9.246475100517272949e-01
9.245796203613281250e-01
9.245667457580566406e-01
9.245890378952026367e-01
9.245169758796691895e-01
9.245094060897827148e-01
9.245530366897583008e-01
9.244440793991088867e-01
9.244370460510253906e-01
9.244732260704040527e-01
9.243758320808410645e-01
9.243482351303100586e-01
9.243457913398742676e-01
9.242969751358032227e-01
9.242689013481140137e-01
9.242483973503112793e-01
9.242194294929504395e-01
9.242019057273864746e-01
9.241936206817626953e-01
9.241620302200317383e-01
9.241260290145874023e-01
9.241061806678771973e-01
9.240877032279968262e-01
9.240654110908508301e-01
9.240344166755676270e-01
9.240058064460754395e-01
9.239837527275085449e-01
9.239558577537536621e-01
9.239358901977539062e-01
9.239212274551391602e-01
9.238987565040588379e-01
9.238578677177429199e-01
9.238304495811462402e-01
9.238114953041076660e-01
9.237991571426391602e-01
9.237742424011230469e-01
9.237461686134338379e-01
9.237093925476074219e-01
9.236744046211242676e-01
9.236509203910827637e-01
9.236384034156799316e-01
9.236214756965637207e-01
9.235970973968505859e-01
9.235627055168151855e-01
9.235165119171142578e-01
9.234870076179504395e-01
9.234592318534851074e-01
9.234386682510375977e-01
9.234182238578796387e-01
9.233776330947875977e-01
9.233530163764953613e-01
9.233207106590270996e-01
9.232872724533081055e-01
9.232524633407592773e-01
9.232212305068969727e-01
9.231888055801391602e-01
9.231603145599365234e-01
9.231488108634948730e-01
9.231534600257873535e-01
9.231523275375366211e-01
9.231647253036499023e-01
9.230807423591613770e-01
9.229908585548400879e-01
9.229240417480468750e-01
9.228926301002502441e-01
9.228917360305786133e-01
9.228830337524414062e-01
9.229342341423034668e-01
9.228696823120117188e-01
9.228746294975280762e-01
9.227378368377685547e-01
9.226630926132202148e-01
9.226093292236328125e-01
9.225730895996093750e-01
9.225379228591918945e-01
9.225035905838012695e-01
9.224750399589538574e-01
9.224722981452941895e-01
9.225814342498779297e-01
9.225668311119079590e-01
9.226203560829162598e-01
9.223470687866210938e-01
9.222421646118164062e-01
9.222026467323303223e-01
9.222026467323303223e-01
9.223378896713256836e-01
9.223024845123291016e-01
9.223487377166748047e-01
9.220778346061706543e-01
9.219769239425659180e-01
9.220654964447021484e-01
9.221994876861572266e-01
9.223528504371643066e-01
9.219305515289306641e-01
9.218086600303649902e-01
9.218756556510925293e-01
9.219315052032470703e-01
9.218844175338745117e-01
9.216594696044921875e-01
9.215843081474304199e-01
9.215574264526367188e-01
9.216077923774719238e-01
9.217289090156555176e-01
9.215598106384277344e-01
9.214638471603393555e-01
9.213420748710632324e-01
9.213120341300964355e-01
9.214071035385131836e-01
9.213985800743103027e-01
9.213134050369262695e-01
9.211485981941223145e-01
9.210675358772277832e-01
9.210466146469116211e-01
9.210461378097534180e-01
9.210419058799743652e-01
9.209848046302795410e-01
9.209202527999877930e-01
9.208204150199890137e-01
9.207438230514526367e-01
9.206954240798950195e-01
9.206640124320983887e-01
9.206604957580566406e-01
9.206428527832031250e-01
9.206008315086364746e-01
9.205126166343688965e-01
9.204225540161132812e-01
9.203577637672424316e-01
9.202976226806640625e-01
9.202389717102050781e-01
9.201848506927490234e-01
9.201366305351257324e-01
9.200924634933471680e-01
9.200441241264343262e-01
9.200226068496704102e-01
9.199877977371215820e-01
9.199587702751159668e-01
9.198547601699829102e-01
9.197657704353332520e-01
9.196851849555969238e-01
9.196201562881469727e-01
9.195584654808044434e-01
9.194982647895812988e-01
9.194520115852355957e-01
9.194126129150390625e-01
9.194124341011047363e-01
9.193701744079589844e-01
9.193974733352661133e-01
