1.039149999618530273e+00
1.036875009536743164e+00
1.034757852554321289e+00
1.032765269279479980e+00
1.030888080596923828e+00
1.029122352600097656e+00
1.027461647987365723e+00
1.025899171829223633e+00
1.024430155754089355e+00
1.023051023483276367e+00
1.021756172180175781e+00
1.020539522171020508e+00
1.019388318061828613e+00
1.018294453620910645e+00
1.017252087593078613e+00
1.016262888908386230e+00
1.015332579612731934e+00
1.014464020729064941e+00
1.013638019561767578e+00
1.012839078903198242e+00
1.012077093124389648e+00
1.011356830596923828e+00
1.010673403739929199e+00
1.010030031204223633e+00
1.009421586990356445e+00
1.008846282958984375e+00
1.008301138877868652e+00
1.007777333259582520e+00
1.007272720336914062e+00
1.006785631179809570e+00
1.006313085556030273e+00
1.005866169929504395e+00
1.005447268486022949e+00
1.005051374435424805e+00
1.004673480987548828e+00
1.004308342933654785e+00
1.003949761390686035e+00
1.003598570823669434e+00
1.003255128860473633e+00
1.002918839454650879e+00
1.002589464187622070e+00
1.002266883850097656e+00
1.001950144767761230e+00
1.001638412475585938e+00
1.001331448554992676e+00
1.001029133796691895e+00
1.000730514526367188e+00
1.000431537628173828e+00
1.000135898590087891e+00
9.998458623886108398e-01
9.995657801628112793e-01
9.992868900299072266e-01
9.990105032920837402e-01
9.987363815307617188e-01
9.984633326530456543e-01
9.981913566589355469e-01
9.979203343391418457e-01
9.976503849029541016e-01
9.973798394203186035e-01
9.971104860305786133e-01
9.968427419662475586e-01
9.965757131576538086e-01
9.963096976280212402e-01
9.960485696792602539e-01
9.957987666130065918e-01
9.955539703369140625e-01
9.953116178512573242e-01
9.950696825981140137e-01
9.948316812515258789e-01
9.945984482765197754e-01
9.943707585334777832e-01
9.941486716270446777e-01
9.939315319061279297e-01
9.937192797660827637e-01
9.935113787651062012e-01
9.933071732521057129e-01
9.931062459945678711e-01
9.929090738296508789e-01
9.927161335945129395e-01
9.925268888473510742e-01
9.923398494720458984e-01
9.921548366546630859e-01
9.919719696044921875e-01
9.917904138565063477e-01
9.916112422943115234e-01
9.914357662200927734e-01
9.912623763084411621e-01
9.910882711410522461e-01
9.909142851829528809e-01
9.907385706901550293e-01
9.905596971511840820e-01
9.903778433799743652e-01
9.901949763298034668e-01
9.900125861167907715e-01
9.898293614387512207e-01
9.896457791328430176e-01
9.894612431526184082e-01
9.892765879631042480e-01
9.890925288200378418e-01
9.889084696769714355e-01
9.887251853942871094e-01
9.885429739952087402e-01
9.883620142936706543e-01
9.881821870803833008e-01
9.880022406578063965e-01
9.878217577934265137e-01
9.876406192779541016e-01
9.874584078788757324e-01
9.872749447822570801e-01
9.870899915695190430e-01
9.869036078453063965e-01
9.867156147956848145e-01
9.865257143974304199e-01
9.863339662551879883e-01
9.861403703689575195e-01
9.859457015991210938e-01
9.857504963874816895e-01
9.855549931526184082e-01
9.853597879409790039e-01
9.851650595664978027e-01
9.849714040756225586e-01
9.847776293754577637e-01
9.845836162567138672e-01
9.843893647193908691e-01
9.841957092285156250e-01
9.840047359466552734e-01
9.838144779205322266e-01
9.836243391036987305e-01
9.834353327751159668e-01
9.832471609115600586e-01
9.830589890480041504e-01
9.828713536262512207e-01
9.826848506927490234e-01
9.825007319450378418e-01
9.823191761970520020e-01
9.821406006813049316e-01
9.819612503051757812e-01
9.817816615104675293e-01
9.816026687622070312e-01
9.814246892929077148e-01
9.812458753585815430e-01
9.810677170753479004e-01
9.808896780014038086e-01
9.807115197181701660e-01
9.805333018302917480e-01
9.803558588027954102e-01
9.801794290542602539e-01
9.800037741661071777e-01
9.798299074172973633e-01
9.796571731567382812e-01
9.794851541519165039e-01
9.793136715888977051e-01
9.791445732116699219e-01
9.789771437644958496e-01
9.788112044334411621e-01
9.786456823348999023e-01
9.784814119338989258e-01
9.783185720443725586e-01
9.781557321548461914e-01
9.779921770095825195e-01
9.778280854225158691e-01
9.776643514633178711e-01
9.775004386901855469e-01
9.773360490798950195e-01
9.771712422370910645e-01
9.770069122314453125e-01
9.768434762954711914e-01
9.766806364059448242e-01
9.765179753303527832e-01
9.763552546501159668e-01
9.761921167373657227e-01
9.760285019874572754e-01
9.758641719818115234e-01
9.757001996040344238e-01
9.755378365516662598e-01
9.753752946853637695e-01
9.752109646797180176e-01
9.750441312789916992e-01
9.748753905296325684e-01
9.747056961059570312e-01
9.745362401008605957e-01
9.743696451187133789e-01
9.742026925086975098e-01
9.740398526191711426e-01
9.738815426826477051e-01
9.737259149551391602e-01
9.735738635063171387e-01
9.734224677085876465e-01
9.732699394226074219e-01
9.731146693229675293e-01
9.729555249214172363e-01
9.727951288223266602e-01
9.726349115371704102e-01
9.724752306938171387e-01
9.723171591758728027e-01
9.721621274948120117e-01
9.720100760459899902e-01
9.718597531318664551e-01
9.717109799385070801e-01
9.715641736984252930e-01
9.714181423187255859e-01
9.712724089622497559e-01
9.711264967918395996e-01
9.709810018539428711e-01
9.708377718925476074e-01
9.706988334655761719e-01
9.705636501312255859e-01
9.704297780990600586e-01
9.702961444854736328e-01
9.701617956161499023e-01
9.700257182121276855e-01
9.698868393898010254e-01
9.697451591491699219e-01
9.696052670478820801e-01
9.694639444351196289e-01
9.693236947059631348e-01
9.691874980926513672e-01
9.690572023391723633e-01
9.689363837242126465e-01
9.688237309455871582e-01
9.687109589576721191e-01
9.685934185981750488e-01
9.684717655181884766e-01
9.683468341827392578e-01
9.682179689407348633e-01
9.680870771408081055e-01
9.679559469223022461e-01
9.678245186805725098e-01
9.676930308341979980e-01
9.675624966621398926e-01
9.674346446990966797e-01
9.673092365264892578e-01
9.671865105628967285e-01
9.670655131340026855e-01
9.669470787048339844e-01
9.668304920196533203e-01
9.667162895202636719e-01
9.666030406951904297e-01
9.664909243583679199e-01
9.663789868354797363e-01
9.662668108940124512e-01
9.661546945571899414e-01
9.660421013832092285e-01
9.659287929534912109e-01
9.658159017562866211e-01
9.657026529312133789e-01
9.655900597572326660e-01
9.654781222343444824e-01
9.653663039207458496e-01
9.652538299560546875e-01
9.651408791542053223e-01
9.650262594223022461e-01
9.649133682250976562e-01
9.648008346557617188e-01
9.646875858306884766e-01
9.645731449127197266e-01
9.644585251808166504e-01
9.643441438674926758e-01
9.642307162284851074e-01
9.641165137290954590e-01
9.640030264854431152e-01
9.638896584510803223e-01
9.637767076492309570e-01
9.636651277542114258e-01
9.635566473007202148e-01
9.634604454040527344e-01
9.634051918983459473e-01
9.633229374885559082e-01
9.631358981132507324e-01
9.630707502365112305e-01
9.629782438278198242e-01
9.628308415412902832e-01
9.627770781517028809e-01
9.626379013061523438e-01
9.625558257102966309e-01
9.624532461166381836e-01
9.623323678970336914e-01
9.622577428817749023e-01
9.621197581291198730e-01
9.620419144630432129e-01
9.619206190109252930e-01
9.618206620216369629e-01
9.617268443107604980e-01
9.616080522537231445e-01
9.615235328674316406e-01
9.614098072052001953e-01
9.613205194473266602e-01
9.612227082252502441e-01
9.611203074455261230e-01
9.610382318496704102e-01
9.609363079071044922e-01
9.608443975448608398e-01
9.607572555541992188e-01
9.606558084487915039e-01
9.605680704116821289e-01
9.604746103286743164e-01
9.603765010833740234e-01
9.602873325347900391e-01
9.601911902427673340e-01
9.600938558578491211e-01
9.600017070770263672e-01
9.599038958549499512e-01
9.598011970520019531e-01
9.597004652023315430e-01
9.596013426780700684e-01
9.595017433166503906e-01
9.594101309776306152e-01
9.593225717544555664e-01
9.592328667640686035e-01
9.591434001922607422e-01
9.590550661087036133e-01
9.589638113975524902e-01
9.588711261749267578e-01
9.587777256965637207e-01
9.586855173110961914e-01
9.585956335067749023e-01
9.585060477256774902e-01
9.584181904792785645e-01
9.583314657211303711e-01
9.582448005676269531e-01
9.581601023674011230e-01
9.580732583999633789e-01
9.579895138740539551e-01
9.579064846038818359e-01
9.578233361244201660e-01
9.577291011810302734e-01
9.576418399810791016e-01
9.575464725494384766e-01
9.574543237686157227e-01
9.573670029640197754e-01
9.572865366935729980e-01
9.572079777717590332e-01
9.571223258972167969e-01
9.570333957672119141e-01
9.569375514984130859e-01
9.568454027175903320e-01
9.567574262619018555e-01
9.566712379455566406e-01
9.565885066986083984e-01
9.565088152885437012e-01
9.564401507377624512e-01
9.563716650009155273e-01
9.563380479812622070e-01
9.562111496925354004e-01
9.560796022415161133e-01
9.559788703918457031e-01
9.559162855148315430e-01
9.558422565460205078e-01
9.557258486747741699e-01
9.556316733360290527e-01
9.555631279945373535e-01
9.554724693298339844e-01
9.553732872009277344e-01
9.552841782569885254e-01
9.552047848701477051e-01
9.551299810409545898e-01
9.550274610519409180e-01
9.549350142478942871e-01
9.548529982566833496e-01
9.547754526138305664e-01
9.547019004821777344e-01
9.546006321907043457e-01
9.545020461082458496e-01
9.544053673744201660e-01
9.543231129646301270e-01
9.542524814605712891e-01
9.541595578193664551e-01
9.540635347366333008e-01
9.539594650268554688e-01
9.538598656654357910e-01
9.537726640701293945e-01
9.536875486373901367e-01
9.536032676696777344e-01
9.535080194473266602e-01
9.534033536911010742e-01
9.532852172851562500e-01
9.531663656234741211e-01
9.530555605888366699e-01
9.529540538787841797e-01
9.528565406799316406e-01
9.527634978294372559e-01
9.526697993278503418e-01
9.525710344314575195e-01
9.524682760238647461e-01
9.523631930351257324e-01
9.522578716278076172e-01
9.521540999412536621e-01
9.520546197891235352e-01
9.519597887992858887e-01
9.518697857856750488e-01
9.517858624458312988e-01
9.517080187797546387e-01
9.516119956970214844e-01
9.515030384063720703e-01
9.513642787933349609e-01
9.512448310852050781e-01
9.511457681655883789e-01
9.510586261749267578e-01
9.509626030921936035e-01
9.508497118949890137e-01
9.507303237915039062e-01
9.506152868270874023e-01
9.505105018615722656e-01
9.504114389419555664e-01
9.503147006034851074e-01
9.502215385437011719e-01
9.501278996467590332e-01
9.500415921211242676e-01
9.499372243881225586e-01
9.498383402824401855e-01
9.496970176696777344e-01
9.495615363121032715e-01
9.494346976280212402e-01
9.493257403373718262e-01
9.492278695106506348e-01
9.491407871246337891e-01
9.490876793861389160e-01
9.490370154380798340e-01
9.490093588829040527e-01
9.488015174865722656e-01
9.486027956008911133e-01
9.484717249870300293e-01
9.484438300132751465e-01
9.484224319458007812e-01
9.482226967811584473e-01
9.480454921722412109e-01
9.479345679283142090e-01
9.478725790977478027e-01
9.477946162223815918e-01
9.476118683815002441e-01
9.474838972091674805e-01
9.473958015441894531e-01
9.473030567169189453e-01
9.471897482872009277e-01
9.470309019088745117e-01
9.469309449195861816e-01
9.468352794647216797e-01
9.467270970344543457e-01
9.466274380683898926e-01
9.464703202247619629e-01
9.463499784469604492e-01
9.462399482727050781e-01
9.461170434951782227e-01
9.460123777389526367e-01
9.458945989608764648e-01
9.457734227180480957e-01
9.456590414047241211e-01
9.455385208129882812e-01
9.454112648963928223e-01
9.452971220016479492e-01
9.451780915260314941e-01
9.450617432594299316e-01
9.449484944343566895e-01
9.448600411415100098e-01
9.447587132453918457e-01
9.446959495544433594e-01
9.445645213127136230e-01
9.444229602813720703e-01
9.442120194435119629e-01
9.440500736236572266e-01
9.439289569854736328e-01
9.438439011573791504e-01
9.437844157218933105e-01
9.436255693435668945e-01
9.434700608253479004e-01
9.432928562164306641e-01
9.431644678115844727e-01
9.430901408195495605e-01
9.430123567581176758e-01
9.429346919059753418e-01
9.427304863929748535e-01
9.425189495086669922e-01
9.423611760139465332e-01
9.422508478164672852e-01
9.421593546867370605e-01
9.420185685157775879e-01
9.418653249740600586e-01
9.416751861572265625e-01
9.415171742439270020e-01
9.413795471191406250e-01
9.412580728530883789e-01
9.411402940750122070e-01
9.409826397895812988e-01
9.408241510391235352e-01
9.406552910804748535e-01
9.404916167259216309e-01
9.403387308120727539e-01
9.401874542236328125e-01
9.400430917739868164e-01
9.399072527885437012e-01
9.397784471511840820e-01
9.396664500236511230e-01
9.395736455917358398e-01
9.394468665122985840e-01
9.393319487571716309e-01
9.391379952430725098e-01
9.389472603797912598e-01
9.387445449829101562e-01
9.385843276977539062e-01
9.384492635726928711e-01
9.383361935615539551e-01
9.382340908050537109e-01
9.380934834480285645e-01
9.379364848136901855e-01
9.377716779708862305e-01
9.375996589660644531e-01
9.374346733093261719e-01
9.372915625572204590e-01
9.371496438980102539e-01
9.369982481002807617e-01
9.368571639060974121e-01
9.367233514785766602e-01
9.365826845169067383e-01
9.364413619041442871e-01
9.363130927085876465e-01
9.361816048622131348e-01
9.360886216163635254e-01
9.359833002090454102e-01
9.359647035598754883e-01
9.359902143478393555e-01
9.357890486717224121e-01
9.354214668273925781e-01
9.351419806480407715e-01
9.350486397743225098e-01
9.350168108940124512e-01
9.348871111869812012e-01
9.346354603767395020e-01
9.344285726547241211e-01
9.343323707580566406e-01
9.342610836029052734e-01
9.340723752975463867e-01
9.338472485542297363e-01
9.337142705917358398e-01
9.336106777191162109e-01
9.334763884544372559e-01
9.332816600799560547e-01
9.331017732620239258e-01
9.329743385314941406e-01
9.328752756118774414e-01
9.327823519706726074e-01
9.326156973838806152e-01
9.324313402175903320e-01
9.322203993797302246e-01
9.320642352104187012e-01
9.319441914558410645e-01
9.318355321884155273e-01
9.317253232002258301e-01
9.315890669822692871e-01
9.314020872116088867e-01
9.312148094177246094e-01
9.310415983200073242e-01
9.308815598487854004e-01
9.307469129562377930e-01
9.306293129920959473e-01
9.305235147476196289e-01
9.304241538047790527e-01
9.303164482116699219e-01
9.301876425743103027e-01
9.299976229667663574e-01
9.297707080841064453e-01
9.295683503150939941e-01
9.294179677963256836e-01
9.292995333671569824e-01
9.291910529136657715e-01
9.290866255760192871e-01
9.289627671241760254e-01
9.287933707237243652e-01
9.286065101623535156e-01
9.284170269966125488e-01
9.282546639442443848e-01
9.281240105628967285e-01
9.280313849449157715e-01
9.279834032058715820e-01
9.279474020004272461e-01
9.278935790061950684e-01
9.277328252792358398e-01
9.274605512619018555e-01
9.271576404571533203e-01
9.269928336143493652e-01
9.269872307777404785e-01
9.269818663597106934e-01
9.268587231636047363e-01
9.265572428703308105e-01
9.262874722480773926e-01
9.262332916259765625e-01
9.262581467628479004e-01
9.261740446090698242e-01
9.259050488471984863e-01
9.256215095520019531e-01
9.255064129829406738e-01
9.255289435386657715e-01
9.255271553993225098e-01
9.253273606300354004e-01
9.250096082687377930e-01
9.248160123825073242e-01
9.247854351997375488e-01
9.247651696205139160e-01
9.246320724487304688e-01
9.243660569190979004e-01
9.241749048233032227e-01
9.241353273391723633e-01
9.241259098052978516e-01
9.240014553070068359e-01
9.237650632858276367e-01
9.235457777976989746e-01
9.234480857849121094e-01
9.234107732772827148e-01
9.233430027961730957e-01
9.231923818588256836e-01
9.229985475540161133e-01
9.228205680847167969e-01
9.226726889610290527e-01
9.225828051567077637e-01
9.225302934646606445e-01
9.224839210510253906e-01
9.224395155906677246e-01
9.223747849464416504e-01
9.222310185432434082e-01
9.220042824745178223e-01
9.217704534530639648e-01
9.215960502624511719e-01
9.214639067649841309e-01
9.213593602180480957e-01
9.212682247161865234e-01
9.211981296539306641e-01
9.211554527282714844e-01
9.211487174034118652e-01
9.210711717605590820e-01
9.209797382354736328e-01
9.207962155342102051e-01
9.205820560455322266e-01
9.203506708145141602e-01
9.201666712760925293e-01
9.200407862663269043e-01
9.199677705764770508e-01
9.199517965316772461e-01
9.199609756469726562e-01
9.199963808059692383e-01
9.198138713836669922e-01
9.196135997772216797e-01
9.193465113639831543e-01
9.191293716430664062e-01
9.189947247505187988e-01
9.189434647560119629e-01
9.189256429672241211e-01
9.188675880432128906e-01
9.187603592872619629e-01
9.185684919357299805e-01
9.183649420738220215e-01
9.182106852531433105e-01
9.181131124496459961e-01
9.180511236190795898e-01
9.180084466934204102e-01
9.179800748825073242e-01
9.179264903068542480e-01
9.178475737571716309e-01
9.176859259605407715e-01
9.175708889961242676e-01
9.174591898918151855e-01
9.173533916473388672e-01
9.172304272651672363e-01
9.171180725097656250e-01
9.170248508453369141e-01
9.169430136680603027e-01
9.168581962585449219e-01
9.167788624763488770e-01
9.167016148567199707e-01
9.166576266288757324e-01
9.167174696922302246e-01
9.169639348983764648e-01
9.173508286476135254e-01
9.179947376251220703e-01
9.179974198341369629e-01
9.169611930847167969e-01
9.161285161972045898e-01
9.164901375770568848e-01
9.167090654373168945e-01
9.163190126419067383e-01
9.159782528877258301e-01
9.159644842147827148e-01
9.161260724067687988e-01
9.158585667610168457e-01
9.155269861221313477e-01
9.158012270927429199e-01
9.157450795173645020e-01
9.153800010681152344e-01
9.154613018035888672e-01
9.153962135314941406e-01
9.153447747230529785e-01
9.152736663818359375e-01
9.149986505508422852e-01
9.151521921157836914e-01
9.151272773742675781e-01
9.148263335227966309e-01
9.148764014244079590e-01
9.148151874542236328e-01
9.147633314132690430e-01
9.147276282310485840e-01
9.144667983055114746e-01
9.145318269729614258e-01
9.145550131797790527e-01
9.143267869949340820e-01
9.143083691596984863e-01
9.142203330993652344e-01
9.141623377799987793e-01
9.141924977302551270e-01
9.139838814735412598e-01
9.139079451560974121e-01
9.139019846916198730e-01
9.138091802597045898e-01
9.137633442878723145e-01
9.136768579483032227e-01
9.135587215423583984e-01
9.135373234748840332e-01
9.135060906410217285e-01
9.134183526039123535e-01
9.133536219596862793e-01
9.132714867591857910e-01
9.131910800933837891e-01
9.131587743759155273e-01
9.131051898002624512e-01
9.130291938781738281e-01
9.129713177680969238e-01
9.129093289375305176e-01
9.128203988075256348e-01
9.127699136734008789e-01
9.127178788185119629e-01
9.126453399658203125e-01
9.125919342041015625e-01
9.125229716300964355e-01
9.124370217323303223e-01
9.123786091804504395e-01
9.123162031173706055e-01
9.122407436370849609e-01
9.121849536895751953e-01
9.121322631835937500e-01
9.120650887489318848e-01
9.120116829872131348e-01
9.119727611541748047e-01
9.119384884834289551e-01
9.119036793708801270e-01
9.119059443473815918e-01
9.119497537612915039e-01
9.119709134101867676e-01
9.120374917984008789e-01
9.120478630065917969e-01
9.120334982872009277e-01
9.118312001228332520e-01
9.116058945655822754e-01
9.113523960113525391e-01
9.112352132797241211e-01
9.112692475318908691e-01
9.113734960556030273e-01
9.114317893981933594e-01
9.112811088562011719e-01
9.110899567604064941e-01
9.109211564064025879e-01
9.108418226242065430e-01
9.108549356460571289e-01
9.109289050102233887e-01
9.109644889831542969e-01
9.109216332435607910e-01
9.108031988143920898e-01
9.106498360633850098e-01
9.104920029640197754e-01
9.103911519050598145e-01
9.103559851646423340e-01
9.103534221649169922e-01
9.103650450706481934e-01
9.103453159332275391e-01
9.102528691291809082e-01
9.101279973983764648e-01
9.100248217582702637e-01
9.099469780921936035e-01
9.098905324935913086e-01
9.098556041717529297e-01
9.098312258720397949e-01
9.098144173622131348e-01
9.097787141799926758e-01
9.097254276275634766e-01
9.096566438674926758e-01
9.095889925956726074e-01
9.095110297203063965e-01
9.094405174255371094e-01
9.093762636184692383e-01
9.093246459960937500e-01
9.092677235603332520e-01
9.092262387275695801e-01
9.092088341712951660e-01
9.092471599578857422e-01
9.093729257583618164e-01
9.096342921257019043e-01
9.100630283355712891e-01
9.102386236190795898e-01
9.099907875061035156e-01
9.092044234275817871e-01
9.086952805519104004e-01
9.088695645332336426e-01
9.093193411827087402e-01
9.094868898391723633e-01
9.089639186859130859e-01
9.084590673446655273e-01
9.086354970932006836e-01
9.090164303779602051e-01
9.087885022163391113e-01
9.083697795867919922e-01
9.082140922546386719e-01
9.084156751632690430e-01
9.085614681243896484e-01
9.083524942398071289e-01
9.080312848091125488e-01
9.079967737197875977e-01
9.081498384475708008e-01
9.081576466560363770e-01
9.079416990280151367e-01
9.077606797218322754e-01
9.077509045600891113e-01
9.078119993209838867e-01
9.077819585800170898e-01
9.075847864151000977e-01
9.075065851211547852e-01
9.075514674186706543e-01
9.075368642807006836e-01
9.074823260307312012e-01
9.073611497879028320e-01
9.072639942169189453e-01
9.072190523147583008e-01
9.072073698043823242e-01
9.072012305259704590e-01
9.071614146232604980e-01
9.071083068847656250e-01
9.070188403129577637e-01
9.069536924362182617e-01
9.068952798843383789e-01
9.068389534950256348e-01
9.067888855934143066e-01
9.067431092262268066e-01
9.066965579986572266e-01
9.066513776779174805e-01
9.066139459609985352e-01
9.065837264060974121e-01
9.065713882446289062e-01
9.065977931022644043e-01
9.066690802574157715e-01
9.067546725273132324e-01
9.068177342414855957e-01
9.067661762237548828e-01
9.065643548965454102e-01
9.063581824302673340e-01
9.062069654464721680e-01
9.061329364776611328e-01
9.060958623886108398e-01
9.061112999916076660e-01
9.061796069145202637e-01
9.061620831489562988e-01
9.060984849929809570e-01
9.060395359992980957e-01
9.059821367263793945e-01
9.058858752250671387e-01
9.058012962341308594e-01
9.057465791702270508e-01
9.056668877601623535e-01
9.055890440940856934e-01
9.055420756340026855e-01
9.055208563804626465e-01
9.054892659187316895e-01
9.054583907127380371e-01
9.054448604583740234e-01
9.054456949234008789e-01
9.054353237152099609e-01
9.054496884346008301e-01
9.055035710334777832e-01
9.055233001708984375e-01
9.055252671241760254e-01
9.054780602455139160e-01
9.053590297698974609e-01
9.051710367202758789e-01
9.050123095512390137e-01
9.049242734909057617e-01
9.048597216606140137e-01
9.048169851303100586e-01
9.048340320587158203e-01
9.048447608947753906e-01
9.047958850860595703e-01
9.047499895095825195e-01
9.047194719314575195e-01
9.046710729598999023e-01
9.046300053596496582e-01
9.046442508697509766e-01
9.046409726142883301e-01
9.046394824981689453e-01
9.046376347541809082e-01
9.046205878257751465e-01
9.045807123184204102e-01
9.044931530952453613e-01
9.043985009193420410e-01
9.043037295341491699e-01
9.041521549224853516e-01
9.040381908416748047e-01
9.039800167083740234e-01
9.039691090583801270e-01
9.039950370788574219e-01
9.040724039077758789e-01
9.041894674301147461e-01
9.043366909027099609e-01
9.043906927108764648e-01
9.043721556663513184e-01
9.041267037391662598e-01
9.038340449333190918e-01
9.036040306091308594e-01
9.035437703132629395e-01
9.036165475845336914e-01
9.037444591522216797e-01
9.038170576095581055e-01
9.037449955940246582e-01
9.035707712173461914e-01
9.033715724945068359e-01
9.032523632049560547e-01
9.032464623451232910e-01
9.033041596412658691e-01
9.033526778221130371e-01
9.033395051956176758e-01
9.032300114631652832e-01
9.031058549880981445e-01
9.030067324638366699e-01
9.029374122619628906e-01
9.028887152671813965e-01
9.028697609901428223e-01
9.028760194778442383e-01
9.029100537300109863e-01
9.029450416564941406e-01
9.030041098594665527e-01
9.030684828758239746e-01
9.031665921211242676e-01
9.031546115875244141e-01
9.030827283859252930e-01
9.028657078742980957e-01
9.026185870170593262e-01
9.024221897125244141e-01
9.023817777633666992e-01
9.024587869644165039e-01
9.025413393974304199e-01
9.025778174400329590e-01
9.025427103042602539e-01
9.024237394332885742e-01
9.022410511970520020e-01
9.020991325378417969e-01
9.020324349403381348e-01
9.020380973815917969e-01
9.020686149597167969e-01
9.021012187004089355e-01
9.021534323692321777e-01
9.021654725074768066e-01
9.021884202957153320e-01
9.021427631378173828e-01
9.020679593086242676e-01
9.018981456756591797e-01
9.017301201820373535e-01
9.016031026840209961e-01
9.015625119209289551e-01
9.015895128250122070e-01
9.016576409339904785e-01
9.017367959022521973e-01
9.017661213874816895e-01
9.017496705055236816e-01
9.016430974006652832e-01
9.014932513236999512e-01
9.013082981109619141e-01
9.011950492858886719e-01
9.012086391448974609e-01
9.012627601623535156e-01
9.013117551803588867e-01
9.013392925262451172e-01
9.013371467590332031e-01
9.012249112129211426e-01
9.010939002037048340e-01
9.009498357772827148e-01
9.008646011352539062e-01
9.008592963218688965e-01
9.009294509887695312e-01
9.010691642761230469e-01
9.010851979255676270e-01
9.010898470878601074e-01
9.009571075439453125e-01
9.007985591888427734e-01
9.006181359291076660e-01
9.004980325698852539e-01
9.004771113395690918e-01
9.005115032196044922e-01
9.005336165428161621e-01
9.005369544029235840e-01
9.004943966865539551e-01
9.003772139549255371e-01
9.002668857574462891e-01
9.002006053924560547e-01
9.001482725143432617e-01
9.000985026359558105e-01
9.000697135925292969e-01
9.000542759895324707e-01
9.000508785247802734e-01
