1.013948798179626465e+00
1.012893795967102051e+00
1.011884331703186035e+00
1.010908722877502441e+00
1.009981274604797363e+00
1.009111404418945312e+00
1.008294105529785156e+00
1.007519841194152832e+00
1.006787538528442383e+00
1.006096601486206055e+00
1.005447626113891602e+00
1.004840135574340820e+00
1.004274129867553711e+00
1.003751277923583984e+00
1.003272891044616699e+00
1.002836704254150391e+00
1.002437353134155273e+00
1.002072453498840332e+00
1.001740455627441406e+00
1.001439809799194336e+00
1.001168489456176758e+00
1.000924706459045410e+00
1.000706672668457031e+00
1.000512242317199707e+00
1.000339150428771973e+00
1.000185966491699219e+00
1.000050544738769531e+00
9.999308586120605469e-01
9.998234510421752930e-01
9.997216463088989258e-01
9.996244311332702637e-01
9.995285868644714355e-01
9.994321465492248535e-01
9.993376731872558594e-01
9.992440938949584961e-01
9.991497993469238281e-01
9.990554451942443848e-01
9.989617466926574707e-01
9.988656640052795410e-01
9.987641572952270508e-01
9.986583590507507324e-01
9.985482096672058105e-01
9.984337687492370605e-01
9.983130693435668945e-01
9.981842637062072754e-01
9.980490207672119141e-01
9.979081749916076660e-01
9.977616667747497559e-01
9.976120591163635254e-01
9.974591732025146484e-01
9.973045587539672852e-01
9.971454143524169922e-01
9.969827532768249512e-01
9.968180060386657715e-01
9.966484904289245605e-01
9.964800477027893066e-01
9.963142275810241699e-01
9.961468577384948730e-01
9.959757924079895020e-01
9.957994818687438965e-01
9.956169724464416504e-01
9.954285025596618652e-01
9.952333569526672363e-01
9.950327873229980469e-01
9.948279857635498047e-01
9.946165084838867188e-01
9.943974614143371582e-01
9.941719174385070801e-01
9.939401149749755859e-01
9.937015175819396973e-01
9.934569001197814941e-01
9.932072162628173828e-01
9.929560422897338867e-01
9.927040934562683105e-01
9.924483299255371094e-01
9.921884536743164062e-01
9.919251799583435059e-01
9.916588664054870605e-01
9.913898110389709473e-01
9.911204576492309570e-01
9.908464550971984863e-01
9.905676841735839844e-01
9.902856349945068359e-01
9.899993538856506348e-01
9.897090792655944824e-01
9.894132018089294434e-01
9.891085624694824219e-01
9.887956976890563965e-01
9.884730577468872070e-01
9.881463050842285156e-01
9.878203272819519043e-01
9.875066280364990234e-01
9.872100949287414551e-01
9.869242310523986816e-01
9.866446256637573242e-01
9.863690137863159180e-01
9.860932230949401855e-01
9.858179092407226562e-01
9.855435490608215332e-01
9.852749705314636230e-01
9.850181341171264648e-01
9.847731590270996094e-01
9.845377206802368164e-01
9.843093752861022949e-01
9.840873479843139648e-01
9.838730692863464355e-01
9.836676120758056641e-01
9.834702014923095703e-01
9.832803606986999512e-01
9.830965995788574219e-01
9.829178452491760254e-01
9.827441573143005371e-01
9.825763106346130371e-01
9.824154973030090332e-01
9.822616577148437500e-01
9.821122288703918457e-01
9.819650650024414062e-01
9.818196296691894531e-01
9.816783070564270020e-01
9.815418720245361328e-01
9.814092516899108887e-01
9.812775850296020508e-01
9.811463356018066406e-01
9.810164570808410645e-01
9.808873534202575684e-01
9.807577729225158691e-01
9.806289672851562500e-01
9.805021882057189941e-01
9.803755283355712891e-01
9.802494645118713379e-01
9.801246523857116699e-01
9.800023436546325684e-01
9.798815250396728516e-01
9.797627329826354980e-01
9.796443581581115723e-01
9.795277118682861328e-01
9.794116020202636719e-01
9.792970418930053711e-01
9.791843295097351074e-01
9.790725111961364746e-01
9.789612293243408203e-01
9.788517951965332031e-01
9.787445068359375000e-01
9.786384701728820801e-01
9.785342216491699219e-01
9.784306287765502930e-01
9.783276319503784180e-01
9.782253503799438477e-01
9.781261682510375977e-01
9.780287742614746094e-01
9.779322147369384766e-01
9.778370857238769531e-01
9.777429699897766113e-01
9.776487946510314941e-01
9.775544404983520508e-01
9.774609208106994629e-01
9.773670434951782227e-01
9.772737026214599609e-01
9.771796464920043945e-01
9.770866036415100098e-01
9.769928455352783203e-01
9.768986701965332031e-01
9.768043756484985352e-01
9.767097830772399902e-01
9.766132831573486328e-01
9.765147566795349121e-01
9.764140248298645020e-01
9.763119220733642578e-01
9.762092232704162598e-01
9.761065244674682617e-01
9.760032892227172852e-01
9.759003520011901855e-01
9.757974743843078613e-01
9.756950139999389648e-01
9.755921959877014160e-01
9.754888415336608887e-01
9.753825068473815918e-01
9.752727746963500977e-01
9.751639962196350098e-01
9.750519394874572754e-01
9.749350547790527344e-01
9.748132228851318359e-01
9.746840000152587891e-01
9.745518565177917480e-01
9.744265675544738770e-01
9.743078351020812988e-01
9.742062091827392578e-01
9.741035103797912598e-01
9.739883542060852051e-01
9.738603234291076660e-01
9.737260937690734863e-01
9.735916256904602051e-01
9.734601974487304688e-01
9.733334183692932129e-01
9.732099175453186035e-01
9.730838537216186523e-01
9.729537963867187500e-01
9.728199839591979980e-01
9.726839065551757812e-01
9.725465178489685059e-01
9.724099636077880859e-01
9.722739458084106445e-01
9.721382856369018555e-01
9.720036983489990234e-01
9.718691110610961914e-01
9.717347621917724609e-01
9.715998768806457520e-01
9.714658856391906738e-01
9.713307023048400879e-01
9.711948633193969727e-01
9.710594415664672852e-01
9.709239602088928223e-01
9.707893729209899902e-01
9.706562757492065430e-01
9.705231785774230957e-01
9.703909158706665039e-01
9.702600836753845215e-01
9.701299071311950684e-01
9.700002074241638184e-01
9.698722958564758301e-01
9.697468280792236328e-01
9.696215987205505371e-01
9.694982767105102539e-01
9.693743586540222168e-01
9.692511558532714844e-01
9.691289067268371582e-01
9.690060615539550781e-01
9.688820242881774902e-01
9.687588810920715332e-01
9.686355590820312500e-01
9.685122370719909668e-01
9.683898687362670898e-01
9.682675600051879883e-01
9.681450128555297852e-01
9.680231213569641113e-01
9.679011702537536621e-01
9.677784442901611328e-01
9.676561951637268066e-01
9.675337076187133789e-01
9.674112796783447266e-01
9.672884345054626465e-01
9.671657681465148926e-01
9.670448303222656250e-01
9.669235348701477051e-01
9.668040275573730469e-01
9.666742086410522461e-01
9.665499925613403320e-01
9.664283394813537598e-01
9.662976861000061035e-01
9.661697745323181152e-01
9.660448431968688965e-01
9.659163355827331543e-01
9.657891392707824707e-01
9.656621813774108887e-01
9.655274152755737305e-01
9.653901457786560059e-01
9.652543067932128906e-01
9.651129245758056641e-01
9.649705290794372559e-01
9.648277163505554199e-01
9.646839499473571777e-01
9.645379185676574707e-01
9.643915295600891113e-01
9.642409682273864746e-01
9.640877246856689453e-01
9.639314413070678711e-01
9.637702703475952148e-01
9.636061787605285645e-01
9.634367823600769043e-01
9.632648229598999023e-01
9.630952477455139160e-01
9.629234671592712402e-01
9.627529382705688477e-01
9.625727534294128418e-01
9.623968005180358887e-01
9.622228145599365234e-01
9.620547890663146973e-01
9.618954062461853027e-01
9.617394804954528809e-01
9.615594148635864258e-01
9.613674283027648926e-01
9.612181782722473145e-01
9.610615372657775879e-01
9.608691334724426270e-01
9.607244729995727539e-01
9.605629444122314453e-01
9.603800177574157715e-01
9.602357745170593262e-01
9.600684046745300293e-01
9.598985314369201660e-01
9.597564339637756348e-01
9.595823287963867188e-01
9.594132304191589355e-01
9.592639803886413574e-01
9.590857028961181641e-01
9.589167237281799316e-01
9.587505459785461426e-01
9.585697650909423828e-01
9.584031105041503906e-01
9.582199454307556152e-01
9.580470323562622070e-01
9.578758478164672852e-01
9.576997160911560059e-01
9.575334787368774414e-01
9.573636054992675781e-01
9.571899771690368652e-01
9.570207595825195312e-01
9.568486809730529785e-01
9.566720128059387207e-01
9.565027952194213867e-01
9.563246965408325195e-01
9.561453461647033691e-01
9.559713602066040039e-01
9.557974934577941895e-01
9.556168317794799805e-01
9.554433226585388184e-01
9.552748203277587891e-01
9.551035761833190918e-01
9.549362063407897949e-01
9.547741413116455078e-01
9.546136856079101562e-01
9.544544219970703125e-01
9.542971849441528320e-01
9.541403651237487793e-01
9.539843797683715820e-01
9.538295865058898926e-01
9.536756277084350586e-01
9.535241127014160156e-01
9.533720612525939941e-01
9.532225131988525391e-01
9.530743360519409180e-01
9.529253840446472168e-01
9.527758359909057617e-01
9.526291489601135254e-01
9.524806737899780273e-01
9.523316025733947754e-01
9.521812200546264648e-01
9.520291090011596680e-01
9.518916010856628418e-01
9.517610669136047363e-01
9.516239166259765625e-01
9.514914155006408691e-01
9.513582587242126465e-01
9.512267708778381348e-01
9.510670304298400879e-01
9.509299397468566895e-01
9.508182406425476074e-01
9.506635665893554688e-01
9.505134820938110352e-01
9.503917694091796875e-01
9.502713084220886230e-01
9.501290917396545410e-01
9.500020742416381836e-01
9.498794078826904297e-01
9.497430920600891113e-01
9.496093988418579102e-01
9.494891762733459473e-01
9.493668079376220703e-01
9.492349624633789062e-01
9.491044878959655762e-01
9.489794969558715820e-01
9.488490819931030273e-01
9.487208127975463867e-01
9.485893845558166504e-01
9.484674334526062012e-01
9.483318924903869629e-01
9.482097029685974121e-01
9.480787515640258789e-01
9.479579925537109375e-01
9.478308558464050293e-01
9.477126598358154297e-01
9.475846290588378906e-01
9.474545717239379883e-01
9.473229646682739258e-01
9.471964836120605469e-01
9.470725655555725098e-01
9.469539523124694824e-01
9.468291997909545898e-01
9.466995596885681152e-01
9.465593695640563965e-01
9.464300870895385742e-01
9.463018774986267090e-01
9.461879134178161621e-01
9.460573792457580566e-01
9.459133148193359375e-01
9.457750916481018066e-01
9.456462264060974121e-01
9.455220103263854980e-01
9.453952312469482422e-01
9.452682733535766602e-01
9.451317787170410156e-01
9.450027346611022949e-01
9.448853135108947754e-01
9.447745680809020996e-01
9.446452856063842773e-01
9.445111155509948730e-01
9.443653821945190430e-01
9.442269802093505859e-01
9.441015124320983887e-01
9.439852237701416016e-01
9.438663721084594727e-01
9.437413811683654785e-01
9.436108469963073730e-01
9.434749484062194824e-01
9.433401823043823242e-01
9.432125687599182129e-01
9.430919885635375977e-01
9.429727792739868164e-01
9.428508877754211426e-01
9.427267909049987793e-01
9.426002502441406250e-01
9.424718022346496582e-01
9.423413276672363281e-01
9.422180056571960449e-01
9.420900940895080566e-01
9.419652819633483887e-01
9.418404698371887207e-01
9.417212009429931641e-01
9.416100978851318359e-01
9.415206909179687500e-01
9.414529800415039062e-01
9.414103627204895020e-01
9.412142634391784668e-01
9.409789443016052246e-01
9.408634305000305176e-01
9.408246874809265137e-01
9.406846761703491211e-01
9.404894709587097168e-01
9.403923153877258301e-01
9.403486251831054688e-01
9.401877522468566895e-01
9.400071501731872559e-01
9.398996233940124512e-01
9.398216605186462402e-01
9.396847486495971680e-01
9.395183324813842773e-01
9.394063949584960938e-01
9.393209218978881836e-01
9.391994476318359375e-01
9.390507340431213379e-01
9.389031529426574707e-01
9.387871026992797852e-01
9.386802911758422852e-01
9.385572671890258789e-01
9.384213089942932129e-01
9.382818341255187988e-01
9.381474852561950684e-01
9.380205273628234863e-01
9.379035234451293945e-01
9.378166794776916504e-01
9.377202391624450684e-01
9.375709295272827148e-01
9.373893141746520996e-01
9.372354149818420410e-01
9.371103644371032715e-01
9.370214343070983887e-01
9.369906187057495117e-01
9.368449449539184570e-01
9.366514682769775391e-01
9.364445209503173828e-01
9.363282918930053711e-01
9.362676739692687988e-01
9.361260533332824707e-01
9.359478950500488281e-01
9.357536435127258301e-01
9.356305003166198730e-01
9.355656504631042480e-01
9.353896975517272949e-01
9.351880550384521484e-01
9.349927306175231934e-01
9.348648190498352051e-01
9.347824454307556152e-01
9.345803856849670410e-01
9.343913197517395020e-01
9.342327713966369629e-01
9.341031908988952637e-01
9.340019822120666504e-01
9.338424801826477051e-01
9.336761236190795898e-01
9.335090517997741699e-01
9.333447217941284180e-01
9.331936240196228027e-01
9.330492019653320312e-01
9.329165816307067871e-01
9.327829480171203613e-01
9.326558113098144531e-01
9.325670003890991211e-01
9.324228763580322266e-01
9.321646690368652344e-01
9.319913387298583984e-01
9.319136738777160645e-01
9.318837523460388184e-01
9.317268729209899902e-01
9.314439296722412109e-01
9.313671588897705078e-01
9.314053058624267578e-01
9.312415719032287598e-01
9.309303760528564453e-01
9.309018254280090332e-01
9.309446811676025391e-01
9.306203722953796387e-01
9.304448962211608887e-01
9.304462671279907227e-01
9.302346110343933105e-01
9.300845861434936523e-01
9.299938082695007324e-01
9.298840761184692383e-01
9.297170639038085938e-01
9.295917749404907227e-01
9.295194745063781738e-01
9.293894171714782715e-01
9.292314648628234863e-01
9.291039109230041504e-01
9.290181398391723633e-01
9.288823008537292480e-01
9.287562966346740723e-01
9.286230206489562988e-01
9.284925460815429688e-01
9.284022450447082520e-01
9.283104538917541504e-01
9.283227324485778809e-01
9.282372593879699707e-01
9.279790520668029785e-01
9.278159141540527344e-01
9.277899265289306641e-01
9.278215169906616211e-01
9.276359081268310547e-01
9.273831844329833984e-01
9.272672533988952637e-01
9.272391200065612793e-01
9.271342754364013672e-01
9.269990921020507812e-01
9.268162250518798828e-01
9.267469644546508789e-01
9.267865419387817383e-01
9.268116950988769531e-01
9.266123771667480469e-01
9.263097643852233887e-01
9.263260364532470703e-01
9.265046119689941406e-01
9.262154698371887207e-01
9.259049892425537109e-01
9.259189367294311523e-01
9.260324239730834961e-01
9.256638884544372559e-01
9.255207180976867676e-01
9.256072640419006348e-01
9.254271984100341797e-01
9.252027273178100586e-01
9.251079559326171875e-01
9.251012206077575684e-01
9.249344468116760254e-01
9.247921705245971680e-01
9.247602820396423340e-01
9.247462749481201172e-01
9.245388507843017578e-01
9.244104623794555664e-01
9.244370460510253906e-01
9.243173599243164062e-01
9.241465926170349121e-01
9.240388870239257812e-01
9.240039587020874023e-01
9.239237904548645020e-01
9.237559437751770020e-01
9.236385822296142578e-01
9.235898852348327637e-01
9.235320687294006348e-01
9.234448075294494629e-01
9.232726097106933594e-01
9.231308698654174805e-01
9.230840206146240234e-01
9.230456948280334473e-01
9.229625463485717773e-01
9.227712750434875488e-01
9.225965142250061035e-01
9.225159883499145508e-01
9.224793314933776855e-01
9.224205613136291504e-01
9.222327470779418945e-01
9.220488667488098145e-01
9.219520688056945801e-01
9.219387769699096680e-01
9.218542575836181641e-01
9.217081665992736816e-01
9.215061068534851074e-01
9.213680028915405273e-01
9.212678670883178711e-01
9.211869835853576660e-01
9.211401939392089844e-01
9.210600852966308594e-01
9.209794402122497559e-01
9.207598567008972168e-01
9.206203818321228027e-01
9.205347895622253418e-01
9.204640984535217285e-01
9.204593300819396973e-01
9.203482270240783691e-01
9.202217459678649902e-01
9.200378656387329102e-01
9.199076890945434570e-01
9.197985529899597168e-01
9.196788072586059570e-01
9.195701479911804199e-01
9.194706082344055176e-01
9.194348454475402832e-01
9.195696115493774414e-01
9.197083711624145508e-01
9.196652173995971680e-01
9.192978739738464355e-01
9.189541935920715332e-01
9.190767407417297363e-01
9.194166064262390137e-01
9.192059636116027832e-01
9.186246991157531738e-01
9.186857342720031738e-01
9.188766479492187500e-01
9.184664487838745117e-01
9.183177351951599121e-01
9.185066819190979004e-01
9.182819128036499023e-01
9.179770350456237793e-01
9.180699586868286133e-01
9.181328415870666504e-01
9.178118705749511719e-01
9.176893234252929688e-01
9.177659153938293457e-01
9.176696538925170898e-01
9.174715280532836914e-01
9.173687100410461426e-01
9.173633456230163574e-01
9.173167943954467773e-01
9.172052145004272461e-01
9.170712828636169434e-01
9.169938564300537109e-01
9.169633388519287109e-01
9.169225692749023438e-01
9.168602228164672852e-01
9.167422056198120117e-01
9.166335463523864746e-01
9.165652990341186523e-01
9.165465831756591797e-01
9.165626168251037598e-01
9.164923429489135742e-01
9.163776636123657227e-01
9.162375330924987793e-01
9.161459803581237793e-01
9.160875082015991211e-01
9.160214662551879883e-01
9.159713983535766602e-01
9.158747792243957520e-01
9.157927036285400391e-01
9.157114624977111816e-01
9.156263470649719238e-01
9.155596494674682617e-01
9.154896140098571777e-01
9.154227375984191895e-01
9.153523445129394531e-01
9.152891635894775391e-01
9.152235388755798340e-01
9.151690602302551270e-01
9.150990843772888184e-01
9.150389432907104492e-01
9.149705767631530762e-01
9.149276614189147949e-01
9.148893952369689941e-01
9.149051904678344727e-01
9.149621725082397461e-01
9.150660634040832520e-01
9.149844050407409668e-01
9.147697091102600098e-01
9.145038127899169922e-01
9.143875241279602051e-01
9.144556522369384766e-01
9.145599007606506348e-01
9.146170616149902344e-01
9.143872857093811035e-01
9.141592979431152344e-01
9.140382409095764160e-01
9.140235781669616699e-01
9.140605330467224121e-01
9.140200614929199219e-01
9.139367938041687012e-01
9.137972593307495117e-01
9.137141108512878418e-01
9.136331677436828613e-01
9.136095643043518066e-01
9.136200547218322754e-01
9.136025309562683105e-01
9.135724306106567383e-01
9.134672880172729492e-01
9.133647680282592773e-01
9.132575988769531250e-01
9.131836295127868652e-01
9.131191968917846680e-01
9.130706787109375000e-01
9.130095243453979492e-01
9.129768610000610352e-01
9.129467606544494629e-01
9.129409193992614746e-01
9.129709005355834961e-01
9.129154682159423828e-01
9.128611683845520020e-01
9.127233624458312988e-01
9.126192927360534668e-01
9.124939441680908203e-01
9.124261736869812012e-01
9.123533964157104492e-01
9.123279452323913574e-01
9.122900962829589844e-01
9.122929573059082031e-01
9.123535752296447754e-01
9.123190641403198242e-01
9.122799634933471680e-01
9.121519923210144043e-01
9.120347499847412109e-01
9.119071364402770996e-01
9.118834733963012695e-01
9.118693470954895020e-01
9.119143486022949219e-01
9.119387865066528320e-01
9.118966460227966309e-01
9.117659926414489746e-01
9.116846323013305664e-01
9.115495681762695312e-01
9.115651845932006836e-01
9.114763140678405762e-01
9.115566015243530273e-01
9.114226102828979492e-01
9.113826751708984375e-01
9.112846255302429199e-01
9.112432599067687988e-01
9.111868143081665039e-01
9.111708402633666992e-01
9.111401438713073730e-01
9.110962152481079102e-01
9.111018180847167969e-01
9.110177159309387207e-01
9.109600782394409180e-01
9.108805060386657715e-01
9.108428955078125000e-01
9.107860922813415527e-01
9.107624292373657227e-01
9.107186198234558105e-01
9.106722474098205566e-01
9.106484651565551758e-01
9.105982184410095215e-01
9.105761051177978516e-01
9.105373620986938477e-01
9.105319380760192871e-01
9.105315208435058594e-01
9.105101823806762695e-01
9.104692935943603516e-01
9.103991985321044922e-01
9.103135466575622559e-01
9.102424979209899902e-01
9.101669788360595703e-01
9.101482033729553223e-01
9.100955128669738770e-01
9.100919961929321289e-01
9.100527763366699219e-01
9.100741147994995117e-01
9.100298881530761719e-01
9.100477099418640137e-01
9.100064039230346680e-01
9.099894762039184570e-01
9.099041223526000977e-01
9.098435044288635254e-01
9.097417593002319336e-01
9.096808433532714844e-01
9.096466898918151855e-01
9.096471071243286133e-01
9.096832871437072754e-01
9.097040891647338867e-01
9.097331762313842773e-01
9.096919894218444824e-01
9.096133708953857422e-01
9.094908833503723145e-01
9.093999266624450684e-01
9.093353152275085449e-01
9.092949032783508301e-01
9.092826843261718750e-01
9.092671275138854980e-01
9.092848300933837891e-01
9.092691540718078613e-01
9.092594981193542480e-01
9.092077612876892090e-01
9.091805815696716309e-01
9.090911746025085449e-01
9.090393185615539551e-01
9.089670777320861816e-01
9.089465141296386719e-01
9.088984131813049316e-01
9.089072346687316895e-01
9.088634848594665527e-01
9.088611602783203125e-01
9.088174104690551758e-01
9.087914228439331055e-01
9.087480902671813965e-01
9.086942672729492188e-01
9.086566567420959473e-01
9.086247682571411133e-01
9.086258411407470703e-01
9.086212515830993652e-01
9.086148738861083984e-01
9.086439013481140137e-01
9.086686372756958008e-01
9.087529778480529785e-01
9.088053107261657715e-01
9.088783860206604004e-01
9.087439775466918945e-01
9.085802435874938965e-01
9.083625674247741699e-01
9.082844853401184082e-01
9.083316326141357422e-01
9.084039330482482910e-01
9.084288477897644043e-01
9.083447456359863281e-01
9.082334637641906738e-01
9.081245064735412598e-01
9.081003069877624512e-01
9.081171751022338867e-01
9.081283211708068848e-01
9.081414937973022461e-01
9.080927968025207520e-01
9.080279469490051270e-01
9.079557657241821289e-01
9.079108834266662598e-01
9.078809618949890137e-01
9.078686237335205078e-01
9.078475236892700195e-01
9.078301191329956055e-01
9.078017473220825195e-01
9.077619314193725586e-01
9.077254533767700195e-01
9.077022075653076172e-01
9.076874256134033203e-01
9.076728224754333496e-01
9.076569676399230957e-01
9.076482057571411133e-01
9.076218008995056152e-01
9.076093435287475586e-01
9.075831770896911621e-01
9.075626134872436523e-01
9.075333476066589355e-01
9.075080156326293945e-01
9.074707627296447754e-01
9.074388742446899414e-01
9.074031114578247070e-01
9.073702096939086914e-01
9.073385596275329590e-01
9.073005914688110352e-01
9.072638154029846191e-01
9.072237014770507812e-01
9.071881175041198730e-01
9.071601629257202148e-01
9.071276783943176270e-01
9.070962071418762207e-01
9.070680141448974609e-01
9.070348739624023438e-01
9.070046544075012207e-01
9.069843888282775879e-01
9.069715738296508789e-01
9.069864749908447266e-01
9.070455431938171387e-01
9.071284532546997070e-01
9.072985649108886719e-01
9.073935151100158691e-01
9.073808789253234863e-01
9.071554541587829590e-01
9.068966507911682129e-01
9.067202210426330566e-01
9.066770076751708984e-01
9.068361520767211914e-01
9.068825840950012207e-01
9.068822264671325684e-01
9.066376686096191406e-01
9.064958691596984863e-01
9.064195752143859863e-01
9.064764380455017090e-01
9.065285325050354004e-01
9.065187573432922363e-01
9.064276814460754395e-01
9.063165187835693359e-01
9.062026739120483398e-01
9.061936736106872559e-01
9.061852693557739258e-01
9.062452316284179688e-01
9.061553478240966797e-01
9.061054587364196777e-01
9.060186147689819336e-01
9.059526920318603516e-01
9.059274196624755859e-01
9.058800935745239258e-01
9.059208035469055176e-01
9.059302806854248047e-01
9.060111641883850098e-01
9.060203433036804199e-01
9.059908986091613770e-01
9.058237671852111816e-01
9.057095646858215332e-01
9.056338667869567871e-01
9.056041240692138672e-01
9.055985212326049805e-01
9.056210517883300781e-01
9.056851863861083984e-01
9.057233333587646484e-01
9.057028889656066895e-01
9.056055545806884766e-01
9.054850935935974121e-01
9.053955674171447754e-01
9.053375124931335449e-01
9.053031802177429199e-01
9.052776694297790527e-01
9.052596688270568848e-01
9.052450060844421387e-01
9.052418470382690430e-01
9.052365422248840332e-01
9.052848815917968750e-01
9.053742885589599609e-01
9.054455757141113281e-01
9.054118990898132324e-01
9.053193330764770508e-01
9.051654338836669922e-01
9.050464630126953125e-01
9.049333930015563965e-01
9.048786163330078125e-01
9.048412442207336426e-01
9.048275351524353027e-01
9.048281311988830566e-01
9.048588275909423828e-01
9.049329161643981934e-01
9.049870967864990234e-01
9.049309492111206055e-01
9.048095345497131348e-01
9.045906066894531250e-01
9.043931365013122559e-01
9.042387008666992188e-01
9.041004180908203125e-01
9.040034413337707520e-01
9.039240479469299316e-01
9.038811922073364258e-01
9.038718342781066895e-01
9.039130806922912598e-01
9.040450453758239746e-01
9.042937159538269043e-01
9.043425321578979492e-01
9.043324589729309082e-01
9.040367007255554199e-01
9.037181735038757324e-01
9.035901427268981934e-01
9.035557508468627930e-01
9.036200642585754395e-01
9.037472009658813477e-01
9.038747549057006836e-01
9.038915038108825684e-01
9.037196636199951172e-01
9.035217165946960449e-01
9.032855033874511719e-01
9.032630920410156250e-01
9.033153057098388672e-01
9.034674763679504395e-01
9.036728739738464355e-01
9.038292765617370605e-01
9.034169316291809082e-01
9.030611515045166016e-01
9.030653238296508789e-01
9.033209681510925293e-01
9.037423133850097656e-01
9.033806324005126953e-01
9.030330777168273926e-01
9.028595685958862305e-01
9.029360413551330566e-01
9.031487703323364258e-01
9.032025337219238281e-01
9.032264947891235352e-01
9.028958678245544434e-01
9.026570916175842285e-01
9.027803540229797363e-01
9.030477404594421387e-01
9.032642841339111328e-01
9.027994871139526367e-01
9.025629162788391113e-01
9.028357267379760742e-01
9.031209945678710938e-01
9.029354453086853027e-01
9.024665951728820801e-01
9.024519920349121094e-01
9.026191830635070801e-01
9.027884602546691895e-01
9.027650952339172363e-01
9.023077487945556641e-01
9.022502303123474121e-01
9.023542404174804688e-01
9.025502204895019531e-01
9.024847745895385742e-01
9.021706581115722656e-01
9.020524024963378906e-01
9.020401835441589355e-01
9.020591378211975098e-01
9.020812511444091797e-01
