1.022535800933837891e+00
1.020425081253051758e+00
1.018425226211547852e+00
1.016555547714233398e+00
1.014809370040893555e+00
1.013255238533020020e+00
1.011905550956726074e+00
1.010684967041015625e+00
1.009580612182617188e+00
1.008593201637268066e+00
1.007694721221923828e+00
1.006867289543151855e+00
1.006095409393310547e+00
1.005392909049987793e+00
1.004736542701721191e+00
1.004119634628295898e+00
1.003538489341735840e+00
1.002982735633850098e+00
1.002446889877319336e+00
1.001927256584167480e+00
1.001421093940734863e+00
1.000926375389099121e+00
1.000442147254943848e+00
9.999699592590332031e-01
9.995133280754089355e-01
9.990736246109008789e-01
9.986510276794433594e-01
9.982466101646423340e-01
9.978587031364440918e-01
9.974871277809143066e-01
9.971424937248229980e-01
9.968236684799194336e-01
9.965251684188842773e-01
9.962417483329772949e-01
9.959672689437866211e-01
9.957013726234436035e-01
9.954488277435302734e-01
9.952014088630676270e-01
9.949561953544616699e-01
9.947124719619750977e-01
9.944704174995422363e-01
9.942285418510437012e-01
9.939866662025451660e-01
9.937453269958496094e-01
9.935045242309570312e-01
9.932633042335510254e-01
9.930219650268554688e-01
9.927791953086853027e-01
9.925351142883300781e-01
9.922894835472106934e-01
9.920426607131958008e-01
9.917936325073242188e-01
9.915423989295959473e-01
9.912912249565124512e-01
9.910408854484558105e-01
9.907900691032409668e-01
9.905377626419067383e-01
9.902838468551635742e-01
9.900307655334472656e-01
9.897786378860473633e-01
9.895271658897399902e-01
9.892765879631042480e-01
9.890272617340087891e-01
9.887765049934387207e-01
9.885229468345642090e-01
9.882673621177673340e-01
9.880120158195495605e-01
9.877513647079467773e-01
9.874902367591857910e-01
9.872351288795471191e-01
9.869931936264038086e-01
9.867656230926513672e-01
9.865356683731079102e-01
9.862971901893615723e-01
9.860568046569824219e-01
9.858162403106689453e-01
9.855729937553405762e-01
9.853305220603942871e-01
9.850916862487792969e-01
9.848589301109313965e-01
9.846330881118774414e-01
9.844117760658264160e-01
9.841924905776977539e-01
9.839763641357421875e-01
9.837656617164611816e-01
9.835594892501831055e-01
9.833563566207885742e-01
9.831523895263671875e-01
9.829482436180114746e-01
9.827335476875305176e-01
9.825137853622436523e-01
9.823019504547119141e-01
9.820926785469055176e-01
9.818838834762573242e-01
9.816742539405822754e-01
9.814612269401550293e-01
9.812606573104858398e-01
9.810712337493896484e-01
9.808849096298217773e-01
9.806988835334777832e-01
9.805067777633666992e-01
9.803153872489929199e-01
9.801336526870727539e-01
9.799620509147644043e-01
9.797969460487365723e-01
9.796333909034729004e-01
9.794704914093017578e-01
9.793097972869873047e-01
9.791511297225952148e-01
9.789948463439941406e-01
9.788408279418945312e-01
9.786897897720336914e-01
9.785400032997131348e-01
9.783887863159179688e-01
9.782356023788452148e-01
9.780824780464172363e-01
9.779305458068847656e-01
9.777818918228149414e-01
9.776363968849182129e-01
9.774908423423767090e-01
9.773443341255187988e-01
9.772010445594787598e-01
9.770616888999938965e-01
9.769222140312194824e-01
9.767842888832092285e-01
9.766444563865661621e-01
9.765079021453857422e-01
9.763892889022827148e-01
9.762714505195617676e-01
9.761446118354797363e-01
9.760170578956604004e-01
9.758929610252380371e-01
9.757710099220275879e-01
9.756507873535156250e-01
9.755313396453857422e-01
9.754093289375305176e-01
9.752838015556335449e-01
9.751604199409484863e-01
9.750407934188842773e-01
9.749211668968200684e-01
9.747977256774902344e-01
9.746730327606201172e-01
9.745491147041320801e-01
9.744250178337097168e-01
9.742989540100097656e-01
9.741721749305725098e-01
9.740450382232666016e-01
9.739186167716979980e-01
9.737933874130249023e-01
9.736704826354980469e-01
9.735539555549621582e-01
9.734407067298889160e-01
9.733303785324096680e-01
9.732235074043273926e-01
9.731190800666809082e-01
9.730167388916015625e-01
9.729173779487609863e-01
9.728207588195800781e-01
9.727262854576110840e-01
9.726331830024719238e-01
9.725415110588073730e-01
9.724497795104980469e-01
9.723581671714782715e-01
9.722685813903808594e-01
9.721801280975341797e-01
9.720929265022277832e-01
9.720070362091064453e-01
9.719217419624328613e-01
9.718363881111145020e-01
9.717526435852050781e-01
9.716697335243225098e-01
9.715872406959533691e-01
9.715059995651245117e-01
9.714257121086120605e-01
9.713459014892578125e-01
9.712660908699035645e-01
9.711868762969970703e-01
9.711081981658935547e-01
9.710294008255004883e-01
9.709507822990417480e-01
9.708721041679382324e-01
9.707942605018615723e-01
9.707171916961669922e-01
9.706401228904724121e-01
9.705634713172912598e-01
9.704875946044921875e-01
9.704113006591796875e-01
9.703351855278015137e-01
9.702588915824890137e-01
9.701825976371765137e-01
9.701065421104431152e-01
9.700302481651306152e-01
9.699541330337524414e-01
9.698787331581115723e-01
9.698037505149841309e-01
9.697288274765014648e-01
9.696546792984008789e-01
9.695806503295898438e-01
9.695066213607788086e-01
9.694329500198364258e-01
9.693595767021179199e-01
9.692863225936889648e-01
9.692131876945495605e-01
9.691414237022399902e-01
9.690694212913513184e-01
9.689978361129760742e-01
9.689257740974426270e-01
9.688542485237121582e-01
9.687814712524414062e-01
9.687092304229736328e-01
9.686371088027954102e-01
9.685653448104858398e-01
9.684938788414001465e-01
9.684223532676696777e-01
9.683518409729003906e-01
9.682809114456176758e-01
9.682096242904663086e-01
9.681384563446044922e-01
9.680681228637695312e-01
9.679985046386718750e-01
9.679293632507324219e-01
9.678599834442138672e-01
9.677903652191162109e-01
9.677211046218872070e-01
9.676507711410522461e-01
9.675796031951904297e-01
9.675073027610778809e-01
9.674349427223205566e-01
9.673623442649841309e-01
9.672905802726745605e-01
9.672196507453918457e-01
9.671497344970703125e-01
9.670798182487487793e-01
9.670091271400451660e-01
9.669393897056579590e-01
9.668676853179931641e-01
9.667959213256835938e-01
9.667227268218994141e-01
9.666491150856018066e-01
9.665745496749877930e-01
9.665000438690185547e-01
9.664242267608642578e-01
9.663479328155517578e-01
9.662694334983825684e-01
9.661893248558044434e-01
9.661090970039367676e-01
9.660279750823974609e-01
9.659460186958312988e-01
9.658626317977905273e-01
9.657779932022094727e-01
9.656904339790344238e-01
9.655998349189758301e-01
9.655055999755859375e-01
9.654078483581542969e-01
9.653061628341674805e-01
9.651995301246643066e-01
9.650896191596984863e-01
9.649775624275207520e-01
9.648627042770385742e-01
9.647465348243713379e-01
9.646268486976623535e-01
9.645014405250549316e-01
9.643729329109191895e-01
9.642415642738342285e-01
9.641053080558776855e-01
9.639654755592346191e-01
9.638232588768005371e-01
9.636746048927307129e-01
9.635198116302490234e-01
9.633586406707763672e-01
9.631903767585754395e-01
9.630132913589477539e-01
9.628269672393798828e-01
9.626314640045166016e-01
9.624273180961608887e-01
9.622144103050231934e-01
9.619910120964050293e-01
9.617596268653869629e-01
9.615256786346435547e-01
9.612889289855957031e-01
9.610506296157836914e-01
9.608122110366821289e-01
9.605742692947387695e-01
9.603386521339416504e-01
9.601068496704101562e-01
9.598725438117980957e-01
9.596354365348815918e-01
9.593967199325561523e-01
9.591532945632934570e-01
9.589102268218994141e-01
9.586640000343322754e-01
9.584164619445800781e-01
9.581599831581115723e-01
9.578937888145446777e-01
9.576163291931152344e-01
9.573317170143127441e-01
9.570347666740417480e-01
9.567402601242065430e-01
9.564473628997802734e-01
9.561596512794494629e-01
9.558777809143066406e-01
9.555976390838623047e-01
9.553222656250000000e-01
9.550511240959167480e-01
9.547870755195617676e-01
9.545273780822753906e-01
9.542751908302307129e-01
9.540249705314636230e-01
9.537808895111083984e-01
9.535447955131530762e-01
9.533135890960693359e-01
9.530948996543884277e-01
9.528718590736389160e-01
9.526453018188476562e-01
9.524243474006652832e-01
9.522153139114379883e-01
9.520164132118225098e-01
9.518120884895324707e-01
9.516104459762573242e-01
9.514241218566894531e-01
9.512491226196289062e-01
9.510793685913085938e-01
9.509052634239196777e-01
9.507286548614501953e-01
9.505527615547180176e-01
9.503784775733947754e-01
9.502040147781372070e-01
9.500312209129333496e-01
9.498618245124816895e-01
9.496943950653076172e-01
9.495359063148498535e-01
9.493795633316040039e-01
9.492015242576599121e-01
9.490212798118591309e-01
9.488514065742492676e-01
9.487012028694152832e-01
9.485456943511962891e-01
9.483705759048461914e-01
9.482054114341735840e-01
9.480451345443725586e-01
9.478955864906311035e-01
9.477452635765075684e-01
9.475900530815124512e-01
9.474258422851562500e-01
9.472526311874389648e-01
9.470849633216857910e-01
9.469225406646728516e-01
9.467684030532836914e-01
9.466044902801513672e-01
9.464339017868041992e-01
9.462569952011108398e-01
9.460904002189636230e-01
9.459202289581298828e-01
9.457539916038513184e-01
9.455818533897399902e-01
9.454133510589599609e-01
9.452459812164306641e-01
9.450896978378295898e-01
9.449283480644226074e-01
9.447595477104187012e-01
9.445531368255615234e-01
9.443794488906860352e-01
9.442268013954162598e-01
9.440752863883972168e-01
9.438953399658203125e-01
9.437294602394104004e-01
9.435686469078063965e-01
9.434228539466857910e-01
9.432535767555236816e-01
9.430964589118957520e-01
9.429394006729125977e-01
9.427880048751831055e-01
9.426350593566894531e-01
9.424853920936584473e-01
9.423326253890991211e-01
9.421830177307128906e-01
9.420333504676818848e-01
9.418876171112060547e-01
9.417413473129272461e-01
9.415974617004394531e-01
9.414529800415039062e-01
9.413125514984130859e-01
9.411656260490417480e-01
9.410204887390136719e-01
9.408804774284362793e-01
9.407445192337036133e-01
9.406198263168334961e-01
9.404910206794738770e-01
9.403513669967651367e-01
9.402002692222595215e-01
9.400604963302612305e-01
9.399378299713134766e-01
9.398132562637329102e-01
9.396779537200927734e-01
9.395412206649780273e-01
9.394148588180541992e-01
9.392948746681213379e-01
9.391739964485168457e-01
9.390500783920288086e-01
9.389240145683288574e-01
9.387975335121154785e-01
9.386787414550781250e-01
9.385663270950317383e-01
9.384518265724182129e-01
9.383366107940673828e-01
9.382218122482299805e-01
9.381034374237060547e-01
9.379892349243164062e-01
9.378768205642700195e-01
9.377706050872802734e-01
9.376682043075561523e-01
9.375613927841186523e-01
9.374465942382812500e-01
9.373331665992736816e-01
9.372164011001586914e-01
9.370949864387512207e-01
9.369822144508361816e-01
9.368700385093688965e-01
9.367592334747314453e-01
9.366491436958312988e-01
9.365401864051818848e-01
9.364312291145324707e-01
9.363209605216979980e-01
9.362182021141052246e-01
9.361167550086975098e-01
9.360091090202331543e-01
9.358966946601867676e-01
9.357773065567016602e-01
9.356613159179687500e-01
9.355527162551879883e-01
9.354527592658996582e-01
9.353612661361694336e-01
9.352822303771972656e-01
9.352006316184997559e-01
9.350925087928771973e-01
9.349669814109802246e-01
9.348471760749816895e-01
9.347549676895141602e-01
9.346668720245361328e-01
9.345620870590209961e-01
9.344465732574462891e-01
9.343311786651611328e-01
9.342314004898071289e-01
9.341350197792053223e-01
9.340391159057617188e-01
9.339333176612854004e-01
9.338247776031494141e-01
9.337175488471984863e-01
9.336072206497192383e-01
9.334957599639892578e-01
9.333850145339965820e-01
9.332751035690307617e-01
9.331654906272888184e-01
9.330571889877319336e-01
9.329491257667541504e-01
9.328403472900390625e-01
9.327309131622314453e-01
9.326294064521789551e-01
9.325204491615295410e-01
9.324203133583068848e-01
9.323102831840515137e-01
9.321953654289245605e-01
9.320687055587768555e-01
9.319499731063842773e-01
9.318413138389587402e-01
9.317398667335510254e-01
9.316377043724060059e-01
9.315382242202758789e-01
9.314407110214233398e-01
9.313346743583679199e-01
9.312323927879333496e-01
9.311299920082092285e-01
9.310284852981567383e-01
9.309206008911132812e-01
9.308194518089294434e-01
9.307171702384948730e-01
9.306378364562988281e-01
9.305859208106994629e-01
9.305436611175537109e-01
9.304496049880981445e-01
9.302880167961120605e-01
9.301064014434814453e-01
9.300105571746826172e-01
9.299825429916381836e-01
9.298976659774780273e-01
9.297422766685485840e-01
9.295977950096130371e-01
9.295240640640258789e-01
9.294930696487426758e-01
9.293807744979858398e-01
9.292297959327697754e-01
9.291036128997802734e-01
9.290310740470886230e-01
9.289692640304565430e-01
9.288374185562133789e-01
9.287084937095642090e-01
9.286051988601684570e-01
9.285202026367187500e-01
9.284354448318481445e-01
9.283352494239807129e-01
9.282237887382507324e-01
9.281048774719238281e-01
9.279980659484863281e-01
9.278939962387084961e-01
9.278015494346618652e-01
9.277206063270568848e-01
9.276452660560607910e-01
9.275658726692199707e-01
9.274837970733642578e-01
9.273566603660583496e-01
9.272114038467407227e-01
9.270833730697631836e-01
9.269713163375854492e-01
9.268709421157836914e-01
9.267840981483459473e-01
9.267125129699707031e-01
9.266775250434875488e-01
9.266963005065917969e-01
9.266465902328491211e-01
9.263995885848999023e-01
9.261732697486877441e-01
9.260926842689514160e-01
9.260799288749694824e-01
9.260588288307189941e-01
9.258908629417419434e-01
9.256594777107238770e-01
9.255478978157043457e-01
9.255117177963256836e-01
9.255436062812805176e-01
9.255137443542480469e-01
9.252793192863464355e-01
9.251036643981933594e-01
9.250334501266479492e-01
9.250589609146118164e-01
9.251046776771545410e-01
9.248510599136352539e-01
9.246691465377807617e-01
9.246407747268676758e-01
9.246857762336730957e-01
9.246349930763244629e-01
9.243531227111816406e-01
9.243323802947998047e-01
9.244865179061889648e-01
9.242113232612609863e-01
9.240356683731079102e-01
9.241054058074951172e-01
9.240681529045104980e-01
9.238824844360351562e-01
9.237028360366821289e-01
9.238038659095764160e-01
9.237878322601318359e-01
9.235255122184753418e-01
9.234222173690795898e-01
9.235495924949645996e-01
9.233446717262268066e-01
9.231777191162109375e-01
9.230707287788391113e-01
9.231234788894653320e-01
9.230242967605590820e-01
9.228788614273071289e-01
9.227474927902221680e-01
9.227796792984008789e-01
9.227685332298278809e-01
9.226165413856506348e-01
9.224442839622497559e-01
9.225701689720153809e-01
9.224595427513122559e-01
9.222217798233032227e-01
9.221980571746826172e-01
9.222294092178344727e-01
9.220676422119140625e-01
9.218908548355102539e-01
9.218581914901733398e-01
9.218031167984008789e-01
9.217638969421386719e-01
9.216303825378417969e-01
9.215473532676696777e-01
9.214147329330444336e-01
9.213544130325317383e-01
9.213103055953979492e-01
9.212459325790405273e-01
9.211782813072204590e-01
9.209976792335510254e-01
9.209023714065551758e-01
9.208807349205017090e-01
9.208366274833679199e-01
9.209569096565246582e-01
9.206469058990478516e-01
9.207252264022827148e-01
9.210404753684997559e-01
9.204785823822021484e-01
9.208532571792602539e-01
9.208398461341857910e-01
9.202077388763427734e-01
9.209761023521423340e-01
9.201267957687377930e-01
9.203040599822998047e-01
9.202324748039245605e-01
9.198763966560363770e-01
9.200088381767272949e-01
9.197219610214233398e-01
9.197173714637756348e-01
9.197847843170166016e-01
9.195119738578796387e-01
9.196847081184387207e-01
9.195005297660827637e-01
9.192728400230407715e-01
9.195220470428466797e-01
9.191588163375854492e-01
9.191524386405944824e-01
9.191793799400329590e-01
9.188973903656005859e-01
9.188656210899353027e-01
9.188140630722045898e-01
9.186310768127441406e-01
9.185953736305236816e-01
9.185558557510375977e-01
9.184727072715759277e-01
9.183341264724731445e-01
9.183452129364013672e-01
9.183198809623718262e-01
9.181338548660278320e-01
9.182570576667785645e-01
9.181843996047973633e-01
9.179319739341735840e-01
9.182171821594238281e-01
9.178336858749389648e-01
9.177551269531250000e-01
9.178810119628906250e-01
9.175469279289245605e-01
9.175053834915161133e-01
9.175475835800170898e-01
9.172862768173217773e-01
9.172502160072326660e-01
9.172487258911132812e-01
9.170519709587097168e-01
9.169628620147705078e-01
9.169653058052062988e-01
9.168221354484558105e-01
9.166926145553588867e-01
9.166691303253173828e-01
9.166028499603271484e-01
9.164555668830871582e-01
9.163681268692016602e-01
9.163608551025390625e-01
9.162657856941223145e-01
9.161796569824218750e-01
9.160339832305908203e-01
9.161656498908996582e-01
9.160773158073425293e-01
9.157884120941162109e-01
9.158376455307006836e-01
9.160010814666748047e-01
9.155406951904296875e-01
9.160568714141845703e-01
9.155411720275878906e-01
9.153554439544677734e-01
9.156728982925415039e-01
9.151063561439514160e-01
9.151862263679504395e-01
9.151461720466613770e-01
9.148249626159667969e-01
9.148585200309753418e-01
9.146909117698669434e-01
9.145591259002685547e-01
9.145354628562927246e-01
9.144175052642822266e-01
9.142853021621704102e-01
9.142074584960937500e-01
9.141551256179809570e-01
9.140923023223876953e-01
9.139335751533508301e-01
9.138517379760742188e-01
9.138712882995605469e-01
9.137268662452697754e-01
9.136157631874084473e-01
9.135112762451171875e-01
9.134420156478881836e-01
9.134306907653808594e-01
9.132956266403198242e-01
9.131966233253479004e-01
9.131309390068054199e-01
9.130403399467468262e-01
9.130094647407531738e-01
9.131216406822204590e-01
9.128443598747253418e-01
9.127538800239562988e-01
9.127014875411987305e-01
9.126920104026794434e-01
9.126965999603271484e-01
9.124753475189208984e-01
9.124393463134765625e-01
9.126038551330566406e-01
9.122928380966186523e-01
9.122226238250732422e-01
9.124088287353515625e-01
9.120882749557495117e-01
9.119489789009094238e-01
9.119596481323242188e-01
9.118478298187255859e-01
9.117684364318847656e-01
9.116698503494262695e-01
9.115929603576660156e-01
9.115169644355773926e-01
9.114458560943603516e-01
9.113870263099670410e-01
9.113321304321289062e-01
9.113020300865173340e-01
9.112565517425537109e-01
9.111284017562866211e-01
9.110229015350341797e-01
9.109544157981872559e-01
9.108871221542358398e-01
9.108406901359558105e-01
9.107964634895324707e-01
9.107923507690429688e-01
9.106771349906921387e-01
9.105798602104187012e-01
9.104644060134887695e-01
9.103874564170837402e-01
9.103287458419799805e-01
9.103195071220397949e-01
9.103314280509948730e-01
9.101628065109252930e-01
9.100462198257446289e-01
9.099609255790710449e-01
9.098944067955017090e-01
9.098287820816040039e-01
9.097852110862731934e-01
9.097675681114196777e-01
9.096807241439819336e-01
9.095967411994934082e-01
9.095118045806884766e-01
9.094277024269104004e-01
9.093630909919738770e-01
9.092987179756164551e-01
9.092285633087158203e-01
9.091559052467346191e-01
9.090898036956787109e-01
9.090216159820556641e-01
9.089493751525878906e-01
9.088756442070007324e-01
9.088014960289001465e-01
9.087275266647338867e-01
9.086583256721496582e-01
9.085845351219177246e-01
9.085115790367126465e-01
9.084445238113403320e-01
9.083827137947082520e-01
9.083244204521179199e-01
9.082782268524169922e-01
9.082362055778503418e-01
9.081690907478332520e-01
9.081019759178161621e-01
9.080207943916320801e-01
9.079449176788330078e-01
9.078735113143920898e-01
9.078022241592407227e-01
9.077343344688415527e-01
9.076700210571289062e-01
9.076094627380371094e-01
9.075582027435302734e-01
9.075366258621215820e-01
9.075116515159606934e-01
9.074815511703491211e-01
9.074101448059082031e-01
9.073212146759033203e-01
9.072052240371704102e-01
9.071147441864013672e-01
9.070312380790710449e-01
9.069669246673583984e-01
9.069088697433471680e-01
9.068546891212463379e-01
9.068094491958618164e-01
9.067720770835876465e-01
9.067455530166625977e-01
9.067419767379760742e-01
9.067452549934387207e-01
9.067100882530212402e-01
9.066474437713623047e-01
9.065295457839965820e-01
9.064176082611083984e-01
9.063104391098022461e-01
9.062365889549255371e-01
9.061785936355590820e-01
9.061287045478820801e-01
9.060903787612915039e-01
9.060683846473693848e-01
9.060877561569213867e-01
9.061332345008850098e-01
9.061314463615417480e-01
9.060825705528259277e-01
9.059099555015563965e-01
9.057575464248657227e-01
9.056549668312072754e-01
9.055954217910766602e-01
9.055764079093933105e-01
9.055858254432678223e-01
9.056224822998046875e-01
9.055764079093933105e-01
9.055175781250000000e-01
9.053760170936584473e-01
9.052621722221374512e-01
9.051842689514160156e-01
9.051336050033569336e-01
9.051055312156677246e-01
9.050981998443603516e-01
9.051221609115600586e-01
9.051375985145568848e-01
9.051026701927185059e-01
9.050090909004211426e-01
9.048838615417480469e-01
9.047694802284240723e-01
9.046941399574279785e-01
9.046399593353271484e-01
9.045981764793395996e-01
9.045749306678771973e-01
9.045654535293579102e-01
9.045748114585876465e-01
9.045889377593994141e-01
9.045577049255371094e-01
9.044882655143737793e-01
9.043639898300170898e-01
9.042620658874511719e-01
9.041813015937805176e-01
9.041188955307006836e-01
9.040738940238952637e-01
9.040468931198120117e-01
9.040524363517761230e-01
9.040949344635009766e-01
9.041462540626525879e-01
9.040743708610534668e-01
9.039518237113952637e-01
9.038131237030029297e-01
9.037195444107055664e-01
9.036569595336914062e-01
9.036126732826232910e-01
9.035887122154235840e-01
9.035780429840087891e-01
9.036000370979309082e-01
9.036244750022888184e-01
9.036017656326293945e-01
9.034985899925231934e-01
9.033861160278320312e-01
9.032995700836181641e-01
9.032143950462341309e-01
9.031673669815063477e-01
9.031145572662353516e-01
9.030944705009460449e-01
9.030886292457580566e-01
9.031060338020324707e-01
9.031451344490051270e-01
9.031531810760498047e-01
9.031060338020324707e-01
9.029809236526489258e-01
9.028218984603881836e-01
9.027161598205566406e-01
9.026588797569274902e-01
9.026325345039367676e-01
9.026107788085937500e-01
9.026276469230651855e-01
9.026206135749816895e-01
9.026229977607727051e-01
9.026378393173217773e-01
9.025824069976806641e-01
9.024397730827331543e-01
9.023110866546630859e-01
9.022299051284790039e-01
9.021753072738647461e-01
9.021543264389038086e-01
9.021456837654113770e-01
9.021375775337219238e-01
9.021606445312500000e-01
9.021905660629272461e-01
9.021978378295898438e-01
9.020806550979614258e-01
9.019560813903808594e-01
9.018166065216064453e-01
9.017493128776550293e-01
9.017259478569030762e-01
9.017813801765441895e-01
9.018903374671936035e-01
9.018563032150268555e-01
9.017522335052490234e-01
9.016078710556030273e-01
9.014915227890014648e-01
9.014030098915100098e-01
9.014011025428771973e-01
9.013938903808593750e-01
9.014300704002380371e-01
9.014151096343994141e-01
9.013224840164184570e-01
9.012431502342224121e-01
9.011286497116088867e-01
9.010833501815795898e-01
9.010189175605773926e-01
9.010195136070251465e-01
9.010530710220336914e-01
9.011593461036682129e-01
9.012246131896972656e-01
9.010677933692932129e-01
9.009062647819519043e-01
9.007859230041503906e-01
9.007266759872436523e-01
9.006323814392089844e-01
9.006313085556030273e-01
9.005776047706604004e-01
9.005757570266723633e-01
9.005858302116394043e-01
9.006108641624450684e-01
9.006878733634948730e-01
9.006415605545043945e-01
9.005574584007263184e-01
9.003852605819702148e-01
9.003120064735412598e-01
9.001919627189636230e-01
9.001789093017578125e-01
9.001015424728393555e-01
9.000950455665588379e-01
9.000772833824157715e-01
9.000985622406005859e-01
9.001317620277404785e-01
9.000754952430725098e-01
9.000542759895324707e-01
8.999981284141540527e-01
8.999739885330200195e-01
8.997933268547058105e-01
8.997241854667663574e-01
8.996271491050720215e-01
8.996116518974304199e-01
8.995739817619323730e-01
8.995811939239501953e-01
8.995906114578247070e-01
8.995843529701232910e-01
8.995927572250366211e-01
8.995871543884277344e-01
8.996055722236633301e-01
8.994019627571105957e-01
8.992933630943298340e-01
8.991828560829162598e-01
8.991438150405883789e-01
8.990687131881713867e-01
8.990464210510253906e-01
8.990057110786437988e-01
8.990050554275512695e-01
8.989923596382141113e-01
8.990603089332580566e-01
8.991723656654357910e-01
8.990894556045532227e-01
8.989974260330200195e-01
8.988841772079467773e-01
8.987421393394470215e-01
8.986301422119140625e-01
8.985970020294189453e-01
8.986047506332397461e-01
8.986391425132751465e-01
8.986635208129882812e-01
8.986570835113525391e-01
8.985809087753295898e-01
8.983997702598571777e-01
8.983158469200134277e-01
8.982450366020202637e-01
8.982452154159545898e-01
8.982293605804443359e-01
8.982412815093994141e-01
8.982279300689697266e-01
8.981958031654357910e-01
8.980857133865356445e-01
8.979981541633605957e-01
8.979210853576660156e-01
8.978786468505859375e-01
8.978396058082580566e-01
8.978050351142883301e-01
8.977931737899780273e-01
8.977673649787902832e-01
8.977902531623840332e-01
8.977773189544677734e-01
8.977497220039367676e-01
8.977044820785522461e-01
8.976669311523437500e-01
8.975825905799865723e-01
8.974836468696594238e-01
8.974006175994873047e-01
8.973397612571716309e-01
8.972970247268676758e-01
8.972625732421875000e-01
8.972549438476562500e-01
8.972519040107727051e-01
8.972652554512023926e-01
8.972874283790588379e-01
8.973289132118225098e-01
8.973719477653503418e-01
8.972459435462951660e-01
8.970934152603149414e-01
8.969649672508239746e-01
8.968663811683654785e-01
8.968017697334289551e-01
8.967621326446533203e-01
8.967386484146118164e-01
8.967406153678894043e-01
