1.050398111343383789e+00
1.047773957252502441e+00
1.045242190361022949e+00
1.042800188064575195e+00
1.040442824363708496e+00
1.038166880607604980e+00
1.035967230796813965e+00
1.033841609954833984e+00
1.031786322593688965e+00
1.029799699783325195e+00
1.027886390686035156e+00
1.026043891906738281e+00
1.024274349212646484e+00
1.022572636604309082e+00
1.020935535430908203e+00
1.019366979598999023e+00
1.017868161201477051e+00
1.016437530517578125e+00
1.015077352523803711e+00
1.013796925544738770e+00
1.012614846229553223e+00
1.011515617370605469e+00
1.010487675666809082e+00
1.009525179862976074e+00
1.008626580238342285e+00
1.007791876792907715e+00
1.007015943527221680e+00
1.006292223930358887e+00
1.005621671676635742e+00
1.005003929138183594e+00
1.004437446594238281e+00
1.003916382789611816e+00
1.003439545631408691e+00
1.002998232841491699e+00
1.002591729164123535e+00
1.002215147018432617e+00
1.001876473426818848e+00
1.001577377319335938e+00
1.001307725906372070e+00
1.001066207885742188e+00
1.000851154327392578e+00
1.000659465789794922e+00
1.000488519668579102e+00
1.000337004661560059e+00
1.000201106071472168e+00
1.000078439712524414e+00
9.999678134918212891e-01
9.998664259910583496e-01
9.997726082801818848e-01
9.996850490570068359e-01
9.996015429496765137e-01
9.995166659355163574e-01
9.994307756423950195e-01
9.993462562561035156e-01
9.992619752883911133e-01
9.991786479949951172e-01
9.991023540496826172e-01
9.990272521972656250e-01
9.989500045776367188e-01
9.988704919815063477e-01
9.987882375717163086e-01
9.987022280693054199e-01
9.986125826835632324e-01
9.985190629959106445e-01
9.984215497970581055e-01
9.983195662498474121e-01
9.982129335403442383e-01
9.981013536453247070e-01
9.979851841926574707e-01
9.978646636009216309e-01
9.977387189865112305e-01
9.976081252098083496e-01
9.974735379219055176e-01
9.973343014717102051e-01
9.971910715103149414e-01
9.970464706420898438e-01
9.968994259834289551e-01
9.967480301856994629e-01
9.965919852256774902e-01
9.964305758476257324e-01
9.962607026100158691e-01
9.960764646530151367e-01
9.958769083023071289e-01
9.956610798835754395e-01
9.954380989074707031e-01
9.952221512794494629e-01
9.950071573257446289e-01
9.947850704193115234e-01
9.945595264434814453e-01
9.943352341651916504e-01
9.941148161888122559e-01
9.938978552818298340e-01
9.936826229095458984e-01
9.934659600257873535e-01
9.932478666305541992e-01
9.930276274681091309e-01
9.928074479103088379e-01
9.925892949104309082e-01
9.923729300498962402e-01
9.921594262123107910e-01
9.919498562812805176e-01
9.917445778846740723e-01
9.915442466735839844e-01
9.913481473922729492e-01
9.911560416221618652e-01
9.909672141075134277e-01
9.907819032669067383e-01
9.905999898910522461e-01
9.904214739799499512e-01
9.902467131614685059e-01
9.900752305984497070e-01
9.899056553840637207e-01
9.897373318672180176e-01
9.895720481872558594e-01
9.894093275070190430e-01
9.892495274543762207e-01
9.890965223312377930e-01
9.889496564865112305e-01
9.888077974319458008e-01
9.886679649353027344e-01
9.885295629501342773e-01
9.883923530578613281e-01
9.882565140724182129e-01
9.881217479705810547e-01
9.879873394966125488e-01
9.878534674644470215e-01
9.877200722694396973e-01
9.875870347023010254e-01
9.874551296234130859e-01
9.873226881027221680e-01
9.871892929077148438e-01
9.870556592941284180e-01
9.869216680526733398e-01
9.867862462997436523e-01
9.866487383842468262e-01
9.865092635154724121e-01
9.863671660423278809e-01
9.862222075462341309e-01
9.860758185386657715e-01
9.859293103218078613e-01
9.857819676399230957e-01
9.856331348419189453e-01
9.854832291603088379e-01
9.853330850601196289e-01
9.851826429367065430e-01
9.850316643714904785e-01
9.848807454109191895e-01
9.847298264503479004e-01
9.845766425132751465e-01
9.844216704368591309e-01
9.842650890350341797e-01
9.841085672378540039e-01
9.839519262313842773e-01
9.837946295738220215e-01
9.836371541023254395e-01
9.834809899330139160e-01
9.833247661590576172e-01
9.831675291061401367e-01
9.830088019371032715e-01
9.828487038612365723e-01
9.826859235763549805e-01
9.825201630592346191e-01
9.823528528213500977e-01
9.821857810020446777e-01
9.820194840431213379e-01
9.818542003631591797e-01
9.816888570785522461e-01
9.815253019332885742e-01
9.813631772994995117e-01
9.812028408050537109e-01
9.810433387756347656e-01
9.808855652809143066e-01
9.807294011116027832e-01
9.805745482444763184e-01
9.804204106330871582e-01
9.802680611610412598e-01
9.801164865493774414e-01
9.799658656120300293e-01
9.798166155815124512e-01
9.796686172485351562e-01
9.795230031013488770e-01
9.793786406517028809e-01
9.792377948760986328e-01
9.791004657745361328e-01
9.789658188819885254e-01
9.788330197334289551e-01
9.787018299102783203e-01
9.785726666450500488e-01
9.784455895423889160e-01
9.783195257186889648e-01
9.781948328018188477e-01
9.780709147453308105e-01
9.779488444328308105e-01
9.778284430503845215e-01
9.777093529701232910e-01
9.775907993316650391e-01
9.774736166000366211e-01
9.773581027984619141e-01
9.772437810897827148e-01
9.771314263343811035e-01
9.770212769508361816e-01
9.769128561019897461e-01
9.768060445785522461e-01
9.767006039619445801e-01
9.765968322753906250e-01
9.764953851699829102e-01
9.763958454132080078e-01
9.762979149818420410e-01
9.762014150619506836e-01
9.761065244674682617e-01
9.760132431983947754e-01
9.759209156036376953e-01
9.758295416831970215e-01
9.757394790649414062e-01
9.756503105163574219e-01
9.755619764328002930e-01
9.754746556282043457e-01
9.753886461257934570e-01
9.753038883209228516e-01
9.752201437950134277e-01
9.751368165016174316e-01
9.750537872314453125e-01
9.749712347984313965e-01
9.748899936676025391e-01
9.748098850250244141e-01
9.747302532196044922e-01
9.746510386466979980e-01
9.745725989341735840e-01
9.744938015937805176e-01
9.744157195091247559e-01
9.743378758430480957e-01
9.742599129676818848e-01
9.741812944412231445e-01
9.741019010543823242e-01
9.740219712257385254e-01
9.739417433738708496e-01
9.738609790802001953e-01
9.737806916236877441e-01
9.737016558647155762e-01
9.736242890357971191e-01
9.735482931137084961e-01
9.734739661216735840e-01
9.734000563621520996e-01
9.733268022537231445e-01
9.732549786567687988e-01
9.731847643852233887e-01
9.731143712997436523e-01
9.730431437492370605e-01
9.729707837104797363e-01
9.728978276252746582e-01
9.728236794471740723e-01
9.727483987808227539e-01
9.726725816726684570e-01
9.725970029830932617e-01
9.725213050842285156e-01
9.724445343017578125e-01
9.723669290542602539e-01
9.722889065742492676e-01
9.722096920013427734e-01
9.721283316612243652e-01
9.720448851585388184e-01
9.719597697257995605e-01
9.718718528747558594e-01
9.717813730239868164e-01
9.716873168945312500e-01
9.715907573699951172e-01
9.714948534965515137e-01
9.714015126228332520e-01
9.713099002838134766e-01
9.712220430374145508e-01
9.711377620697021484e-01
9.710555076599121094e-01
9.709744453430175781e-01
9.708932638168334961e-01
9.708136320114135742e-01
9.707340598106384277e-01
9.706546068191528320e-01
9.705740213394165039e-01
9.704926609992980957e-01
9.704108834266662598e-01
9.703305959701538086e-01
9.702501893043518066e-01
9.701710939407348633e-01
9.700931310653686523e-01
9.700161814689636230e-01
9.699392914772033691e-01
9.698624014854431152e-01
9.697856307029724121e-01
9.697097539901733398e-01
9.696337580680847168e-01
9.695591926574707031e-01
9.694842100143432617e-01
9.694106578826904297e-01
9.693375229835510254e-01
9.692652225494384766e-01
9.691924452781677246e-01
9.691210389137268066e-01
9.690512418746948242e-01
9.689818024635314941e-01
9.689142107963562012e-01
9.688467979431152344e-01
9.687797427177429199e-01
9.687141776084899902e-01
9.686487913131713867e-01
9.685833454132080078e-01
9.685192704200744629e-01
9.684546589851379395e-01
9.683895111083984375e-01
9.683266878128051758e-01
9.682607650756835938e-01
9.681962132453918457e-01
9.681316614151000977e-01
9.680655598640441895e-01
9.679993391036987305e-01
9.679324626922607422e-01
9.678646922111511230e-01
9.677954316139221191e-01
9.677246212959289551e-01
9.676510691642761230e-01
9.675748944282531738e-01
9.674975275993347168e-01
9.674175381660461426e-01
9.673334360122680664e-01
9.672460556030273438e-01
9.671590328216552734e-01
9.670748114585876465e-01
9.669969081878662109e-01
9.669206142425537109e-01
9.668416976928710938e-01
9.667608141899108887e-01
9.666802883148193359e-01
9.665958881378173828e-01
9.665099382400512695e-01
9.664252996444702148e-01
9.663390517234802246e-01
9.662503600120544434e-01
9.661644697189331055e-01
9.660819172859191895e-01
9.659988284111022949e-01
9.659143090248107910e-01
9.658257961273193359e-01
9.657328724861145020e-01
9.656339287757873535e-01
9.655293226242065430e-01
9.654207825660705566e-01
9.653055071830749512e-01
9.651871323585510254e-01
9.650651812553405762e-01
9.649401903152465820e-01
9.648134112358093262e-01
9.646872878074645996e-01
9.645617604255676270e-01
9.644361138343811035e-01
9.643102288246154785e-01
9.641821980476379395e-01
9.640491008758544922e-01
9.639112949371337891e-01
9.637635946273803711e-01
9.636104702949523926e-01
9.634518027305603027e-01
9.632956385612487793e-01
9.631523489952087402e-01
9.629647731781005859e-01
9.627653360366821289e-01
9.625996351242065430e-01
9.624432921409606934e-01
9.622614383697509766e-01
9.620847105979919434e-01
9.619242548942565918e-01
9.617504477500915527e-01
9.615685343742370605e-01
9.613888859748840332e-01
9.612135887145996094e-01
9.610118269920349121e-01
9.608140587806701660e-01
9.606592655181884766e-01
9.604638218879699707e-01
9.602699875831604004e-01
9.600802659988403320e-01
9.598899483680725098e-01
9.597142934799194336e-01
9.595363736152648926e-01
9.593416452407836914e-01
9.591684341430664062e-01
9.590023756027221680e-01
9.588296413421630859e-01
9.586573243141174316e-01
9.584925174713134766e-01
9.583348631858825684e-01
9.581753611564636230e-01
9.580143690109252930e-01
9.578567147254943848e-01
9.577039480209350586e-01
9.575452804565429688e-01
9.573946595191955566e-01
9.572467803955078125e-01
9.570925831794738770e-01
9.569439888000488281e-01
9.568051099777221680e-01
9.566695690155029297e-01
9.565275907516479492e-01
9.563798904418945312e-01
9.562367200851440430e-01
9.560983777046203613e-01
9.559643268585205078e-01
9.558337330818176270e-01
9.556993842124938965e-01
9.555642008781433105e-01
9.554314017295837402e-01
9.553006291389465332e-01
9.551704525947570801e-01
9.550425410270690918e-01
9.549155831336975098e-01
9.547882080078125000e-01
9.546757340431213379e-01
9.545838236808776855e-01
9.545308351516723633e-01
9.544353485107421875e-01
9.542176723480224609e-01
9.540659785270690918e-01
9.540340900421142578e-01
9.538882374763488770e-01
9.537202119827270508e-01
9.536523818969726562e-01
9.535207152366638184e-01
9.533995389938354492e-01
9.533151984214782715e-01
9.531944394111633301e-01
9.530927538871765137e-01
9.530037045478820801e-01
9.528955817222595215e-01
9.527961015701293945e-01
9.527085423469543457e-01
9.526059627532958984e-01
9.525080323219299316e-01
9.524184465408325195e-01
9.523245692253112793e-01
9.522283673286437988e-01
9.521332979202270508e-01
9.520385265350341797e-01
9.519444108009338379e-01
9.518536329269409180e-01
9.517618417739868164e-01
9.516706466674804688e-01
9.515801072120666504e-01
9.514889717102050781e-01
9.513986110687255859e-01
9.513108730316162109e-01
9.512308239936828613e-01
9.511433243751525879e-01
9.510512948036193848e-01
9.509586691856384277e-01
9.508702754974365234e-01
9.507861137390136719e-01
9.507085084915161133e-01
9.506312012672424316e-01
9.505434632301330566e-01
9.504524469375610352e-01
9.503536820411682129e-01
9.502641558647155762e-01
9.501805305480957031e-01
9.501017332077026367e-01
9.500237703323364258e-01
9.499295949935913086e-01
9.498397707939147949e-01
9.497513771057128906e-01
9.496586918830871582e-01
9.495685100555419922e-01
9.494785070419311523e-01
9.493882656097412109e-01
9.492956399917602539e-01
9.492064118385314941e-01
9.491172432899475098e-01
9.490241408348083496e-01
9.489263892173767090e-01
9.488309621810913086e-01
9.487369656562805176e-01
9.486352801322937012e-01
9.485243558883666992e-01
9.484225511550903320e-01
9.483224749565124512e-01
9.482464194297790527e-01
9.481924176216125488e-01
9.481204152107238770e-01
9.480453133583068848e-01
9.479316473007202148e-01
9.478073716163635254e-01
9.477062225341796875e-01
9.476268887519836426e-01
9.475615024566650391e-01
9.474821686744689941e-01
9.473901391029357910e-01
9.472955465316772461e-01
9.472021460533142090e-01
9.471325278282165527e-01
9.470729827880859375e-01
9.470171928405761719e-01
9.468948245048522949e-01
9.467763900756835938e-01
9.467120766639709473e-01
9.466698169708251953e-01
9.466007351875305176e-01
9.464796781539916992e-01
9.463711977005004883e-01
9.462956190109252930e-01
9.462525844573974609e-01
9.461968541145324707e-01
9.460644125938415527e-01
9.459645748138427734e-01
9.459275007247924805e-01
9.458600878715515137e-01
9.457306861877441406e-01
9.456360340118408203e-01
9.455879330635070801e-01
9.454867839813232422e-01
9.453794956207275391e-01
9.453254342079162598e-01
9.452340602874755859e-01
9.451279640197753906e-01
9.450743794441223145e-01
9.449818134307861328e-01
9.448751211166381836e-01
9.448106884956359863e-01
9.447208046913146973e-01
9.446205496788024902e-01
9.445529580116271973e-01
9.444566965103149414e-01
9.443623423576354980e-01
9.442875385284423828e-01
9.441930651664733887e-01
9.440973997116088867e-01
9.440128207206726074e-01
9.439231157302856445e-01
9.438229799270629883e-01
9.437354207038879395e-01
9.436463117599487305e-01
9.435352087020874023e-01
9.434421062469482422e-01
9.433439373970031738e-01
9.432330131530761719e-01
9.431328773498535156e-01
9.430358409881591797e-01
9.429169297218322754e-01
9.428023695945739746e-01
9.426954984664916992e-01
9.425799846649169922e-01
9.424597024917602539e-01
9.423394799232482910e-01
9.422199726104736328e-01
9.421065449714660645e-01
9.420012831687927246e-01
9.418799281120300293e-01
9.417563676834106445e-01
9.416288733482360840e-01
9.415226578712463379e-01
9.414305090904235840e-01
9.413347840309143066e-01
9.412361979484558105e-01
9.411361217498779297e-01
9.410520792007446289e-01
9.410234689712524414e-01
9.410480856895446777e-01
9.409837126731872559e-01
9.408028125762939453e-01
9.405932426452636719e-01
9.405560493469238281e-01
9.405853152275085449e-01
9.404014348983764648e-01
9.402424097061157227e-01
9.401874542236328125e-01
9.401516318321228027e-01
9.400445222854614258e-01
9.399098753929138184e-01
9.398708343505859375e-01
9.397909641265869141e-01
9.396626949310302734e-01
9.395980834960937500e-01
9.395346641540527344e-01
9.394267201423645020e-01
9.393429756164550781e-01
9.392811655998229980e-01
9.392021894454956055e-01
9.391089677810668945e-01
9.390290379524230957e-01
9.389707446098327637e-01
9.389194250106811523e-01
9.388263225555419922e-01
9.387309551239013672e-01
9.386578798294067383e-01
9.386065602302551270e-01
9.385793805122375488e-01
9.384992718696594238e-01
9.383924603462219238e-01
9.383091330528259277e-01
9.382479786872863770e-01
9.382180571556091309e-01
9.381175041198730469e-01
9.380351901054382324e-01
9.379751086235046387e-01
9.379201531410217285e-01
9.378682971000671387e-01
9.377887845039367676e-01
9.377163648605346680e-01
9.376442432403564453e-01
9.375668764114379883e-01
9.374914169311523438e-01
9.374125599861145020e-01
9.373423457145690918e-01
9.372603893280029297e-01
9.371906518936157227e-01
9.371145367622375488e-01
9.370458126068115234e-01
9.369821548461914062e-01
9.369181990623474121e-01
9.368416666984558105e-01
9.367676377296447754e-01
9.367005825042724609e-01
9.366345405578613281e-01
9.365689158439636230e-01
9.365092515945434570e-01
9.364631175994873047e-01
9.364695549011230469e-01
9.365100264549255371e-01
9.364933371543884277e-01
9.364214539527893066e-01
9.361794590950012207e-01
9.360465407371520996e-01
9.360486268997192383e-01
9.360181093215942383e-01
9.359378218650817871e-01
9.358026981353759766e-01
9.357913732528686523e-01
9.358624815940856934e-01
9.357214570045471191e-01
9.355713129043579102e-01
9.355369210243225098e-01
9.355433583259582520e-01
9.354878067970275879e-01
9.353256225585937500e-01
9.353248476982116699e-01
9.353931546211242676e-01
9.351934194564819336e-01
9.350942373275756836e-01
9.350991249084472656e-01
9.349901676177978516e-01
9.349205493927001953e-01
9.349162578582763672e-01
9.348230361938476562e-01
9.347380399703979492e-01
9.347137212753295898e-01
9.346271157264709473e-01
9.345643520355224609e-01
9.345173835754394531e-01
9.344419836997985840e-01
9.344045519828796387e-01
9.343656897544860840e-01
9.342690110206604004e-01
9.342312216758728027e-01
9.342000484466552734e-01
9.340988993644714355e-01
9.340378642082214355e-01
9.340090155601501465e-01
9.339235424995422363e-01
9.338565468788146973e-01
9.338260293006896973e-01
9.337592124938964844e-01
9.336878657341003418e-01
9.336151480674743652e-01
9.335667490959167480e-01
9.335325360298156738e-01
9.334565401077270508e-01
9.333918094635009766e-01
9.333140254020690918e-01
9.332676529884338379e-01
9.332703948020935059e-01
9.332069158554077148e-01
9.331173300743103027e-01
9.330019354820251465e-01
9.329631328582763672e-01
9.329957962036132812e-01
9.329218268394470215e-01
9.328541755676269531e-01
9.326974153518676758e-01
9.326280355453491211e-01
9.326242208480834961e-01
9.325501918792724609e-01
9.325002431869506836e-01
9.323997497558593750e-01
9.323205351829528809e-01
9.322614669799804688e-01
9.322080612182617188e-01
9.321735501289367676e-01
9.321282505989074707e-01
9.321138858795166016e-01
9.320335984230041504e-01
9.319702386856079102e-01
9.318797588348388672e-01
9.317999482154846191e-01
9.317379593849182129e-01
9.316737651824951172e-01
9.316205978393554688e-01
9.315691590309143066e-01
9.315167069435119629e-01
9.314846992492675781e-01
9.314324855804443359e-01
9.313955307006835938e-01
9.312968254089355469e-01
9.311983585357666016e-01
9.311220049858093262e-01
9.310788512229919434e-01
9.310527443885803223e-01
9.310165643692016602e-01
9.309458136558532715e-01
9.308367967605590820e-01
9.307526946067810059e-01
9.307101368904113770e-01
9.306704401969909668e-01
9.306037425994873047e-01
9.305123686790466309e-01
9.304528832435607910e-01
9.304146766662597656e-01
9.303586483001708984e-01
9.302886724472045898e-01
9.302201271057128906e-01
9.301548004150390625e-01
9.300935864448547363e-01
9.300379157066345215e-01
9.299963712692260742e-01
9.299492239952087402e-01
9.298976659774780273e-01
9.298294186592102051e-01
9.297444224357604980e-01
9.296702146530151367e-01
9.296113252639770508e-01
9.295637011528015137e-01
9.294938445091247559e-01
9.294117093086242676e-01
9.293158650398254395e-01
9.292102456092834473e-01
9.291033148765563965e-01
9.290100932121276855e-01
9.289009571075439453e-01
9.287734627723693848e-01
9.286416172981262207e-01
9.285253882408142090e-01
9.284910559654235840e-01
9.285666942596435547e-01
9.285409450531005859e-01
9.282611608505249023e-01
9.279822111129760742e-01
9.278728365898132324e-01
9.278996586799621582e-01
9.278303980827331543e-01
9.276868700981140137e-01
9.275127649307250977e-01
9.273801445960998535e-01
9.273282885551452637e-01
9.273685812950134277e-01
9.273114800453186035e-01
9.271288514137268066e-01
9.269801378250122070e-01
9.269527196884155273e-01
9.270125031471252441e-01
9.269533157348632812e-01
9.267129302024841309e-01
9.265826344490051270e-01
9.266307950019836426e-01
9.266244173049926758e-01
9.264351725578308105e-01
9.262601137161254883e-01
9.262239336967468262e-01
9.262369275093078613e-01
9.261444807052612305e-01
9.259758591651916504e-01
9.258665442466735840e-01
9.258389472961425781e-01
9.258037209510803223e-01
9.256611466407775879e-01
9.255558252334594727e-01
9.254897236824035645e-01
9.254287481307983398e-01
9.253499507904052734e-01
9.252520203590393066e-01
9.251836538314819336e-01
9.251207113265991211e-01
9.250561594963073730e-01
9.249941110610961914e-01
9.249060153961181641e-01
9.248296022415161133e-01
9.247416257858276367e-01
9.246621727943420410e-01
9.246100783348083496e-01
9.245737791061401367e-01
9.245237112045288086e-01
9.244541525840759277e-01
9.243456721305847168e-01
9.242528080940246582e-01
9.241612553596496582e-01
9.241003394126892090e-01
9.240809679031372070e-01
9.240175485610961914e-01
9.239372014999389648e-01
9.238279461860656738e-01
9.237279891967773438e-01
9.236667752265930176e-01
9.236414432525634766e-01
9.236593246459960938e-01
9.235553741455078125e-01
9.233856797218322754e-01
9.232887625694274902e-01
9.232119917869567871e-01
9.231569766998291016e-01
9.231172800064086914e-01
9.230687618255615234e-01
9.229933023452758789e-01
9.229075312614440918e-01
9.228344559669494629e-01
9.227409362792968750e-01
9.226626753807067871e-01
9.225918054580688477e-01
9.225240349769592285e-01
9.224615097045898438e-01
9.223877787590026855e-01
9.223114252090454102e-01
9.222443103790283203e-01
9.221681952476501465e-01
9.221086502075195312e-01
9.220529794692993164e-01
9.220033288002014160e-01
9.219645857810974121e-01
9.219191074371337891e-01
9.218456745147705078e-01
9.217564463615417480e-01
9.216654896736145020e-01
9.215686917304992676e-01
9.214748144149780273e-01
9.213971495628356934e-01
9.213617444038391113e-01
9.213333725929260254e-01
9.213393330574035645e-01
9.212920665740966797e-01
9.212555289268493652e-01
9.211006760597229004e-01
9.209504723548889160e-01
9.208306670188903809e-01
9.207920432090759277e-01
9.207966327667236328e-01
9.208016991615295410e-01
9.207749366760253906e-01
9.206727147102355957e-01
9.204826951026916504e-01
9.203362464904785156e-01
9.202494025230407715e-01
9.202165603637695312e-01
9.202051162719726562e-01
9.201776981353759766e-01
9.200533032417297363e-01
9.199151992797851562e-01
9.198258519172668457e-01
9.197294712066650391e-01
9.196622371673583984e-01
9.196087121963500977e-01
9.195966720581054688e-01
9.195789694786071777e-01
9.195194244384765625e-01
9.194281697273254395e-01
9.192824363708496094e-01
9.191212654113769531e-01
9.190280437469482422e-01
9.190181493759155273e-01
9.190244078636169434e-01
9.189946055412292480e-01
9.188477993011474609e-01
9.186971783638000488e-01
9.186062216758728027e-01
9.185732603073120117e-01
9.185569286346435547e-01
9.184734225273132324e-01
9.183746576309204102e-01
9.182794690132141113e-01
9.182034730911254883e-01
9.181608557701110840e-01
9.181604385375976562e-01
9.181585907936096191e-01
9.181401133537292480e-01
9.180464744567871094e-01
9.178789854049682617e-01
9.177485108375549316e-01
9.177389144897460938e-01
9.178118705749511719e-01
9.177682399749755859e-01
9.176581501960754395e-01
9.174588322639465332e-01
9.173591732978820801e-01
9.173947572708129883e-01
9.174161553382873535e-01
9.173159003257751465e-01
9.171323180198669434e-01
9.170401096343994141e-01
9.170565605163574219e-01
9.170247316360473633e-01
9.169003367424011230e-01
9.167710542678833008e-01
9.167302846908569336e-01
9.167587161064147949e-01
9.167562723159790039e-01
9.166295528411865234e-01
9.164629578590393066e-01
9.163866043090820312e-01
9.164131879806518555e-01
9.164577126502990723e-01
9.163798689842224121e-01
9.161740541458129883e-01
9.160758852958679199e-01
9.161529541015625000e-01
9.161592125892639160e-01
9.159530401229858398e-01
9.158126711845397949e-01
9.158113002777099609e-01
9.158028960227966309e-01
9.157058000564575195e-01
9.155766963958740234e-01
9.155293703079223633e-01
9.155448079109191895e-01
9.154663681983947754e-01
9.153589606285095215e-01
9.152696132659912109e-01
9.152776002883911133e-01
9.152395725250244141e-01
9.151259064674377441e-01
9.150302410125732422e-01
9.149900674819946289e-01
9.149640202522277832e-01
9.148709177970886230e-01
9.147843718528747559e-01
9.146971702575683594e-01
9.146381616592407227e-01
9.145860671997070312e-01
9.145302772521972656e-01
9.144559502601623535e-01
9.143810272216796875e-01
9.143126010894775391e-01
9.142478108406066895e-01
9.141887426376342773e-01
9.141303896903991699e-01
9.140730500221252441e-01
9.140201807022094727e-01
9.139813184738159180e-01
9.139492511749267578e-01
9.138964414596557617e-01
9.139052033424377441e-01
9.138807654380798340e-01
9.137585163116455078e-01
9.135953187942504883e-01
9.135168790817260742e-01
9.134789109230041504e-01
9.134920239448547363e-01
9.135046601295471191e-01
9.134361743927001953e-01
9.133242964744567871e-01
9.131951928138732910e-01
9.131183028221130371e-01
9.130891561508178711e-01
9.130717515945434570e-01
9.130465388298034668e-01
9.129929542541503906e-01
9.129422903060913086e-01
9.128608703613281250e-01
9.127941727638244629e-01
9.126965999603271484e-01
9.126189351081848145e-01
9.125788211822509766e-01
9.125596880912780762e-01
9.125951528549194336e-01
9.126634001731872559e-01
9.126719236373901367e-01
9.124723076820373535e-01
9.122922420501708984e-01
9.121850728988647461e-01
9.122200608253479004e-01
9.122275114059448242e-01
9.122210741043090820e-01
9.122020006179809570e-01
9.120844602584838867e-01
9.118987917900085449e-01
9.118353128433227539e-01
9.118365049362182617e-01
9.119254946708679199e-01
9.118161797523498535e-01
9.116880297660827637e-01
9.115520715713500977e-01
9.115692973136901855e-01
9.115320444107055664e-01
9.114502668380737305e-01
9.113641381263732910e-01
9.113115072250366211e-01
9.112426638603210449e-01
9.112132787704467773e-01
9.111868739128112793e-01
9.111329317092895508e-01
