1.036223173141479492e+00
1.033818125724792480e+00
1.031558156013488770e+00
1.029412150382995605e+00
1.027389049530029297e+00
1.025489568710327148e+00
1.023700237274169922e+00
1.022017836570739746e+00
1.020444750785827637e+00
1.019007563591003418e+00
1.017663955688476562e+00
1.016400098800659180e+00
1.015213012695312500e+00
1.014098048210144043e+00
1.013051509857177734e+00
1.012069821357727051e+00
1.011148452758789062e+00
1.010285139083862305e+00
1.009477734565734863e+00
1.008723020553588867e+00
1.008017897605895996e+00
1.007359623908996582e+00
1.006745338439941406e+00
1.006173133850097656e+00
1.005639791488647461e+00
1.005142807960510254e+00
1.004679918289184570e+00
1.004247903823852539e+00
1.003844976425170898e+00
1.003468751907348633e+00
1.003116369247436523e+00
1.002789139747619629e+00
1.002482056617736816e+00
1.002191305160522461e+00
1.001917004585266113e+00
1.001665472984313965e+00
1.001436948776245117e+00
1.001222133636474609e+00
1.001015186309814453e+00
1.000812888145446777e+00
1.000618577003479004e+00
1.000431180000305176e+00
1.000247001647949219e+00
1.000063538551330566e+00
9.998838305473327637e-01
9.997068643569946289e-01
9.995267391204833984e-01
9.993451237678527832e-01
9.991734623908996582e-01
9.990099668502807617e-01
9.988512992858886719e-01
9.986853599548339844e-01
9.985143542289733887e-01
9.983463287353515625e-01
9.981867074966430664e-01
9.980343580245971680e-01
9.978837370872497559e-01
9.977301955223083496e-01
9.975717663764953613e-01
9.974068403244018555e-01
9.972311258316040039e-01
9.970477223396301270e-01
9.968612790107727051e-01
9.966745972633361816e-01
9.964883923530578613e-01
9.963034391403198242e-01
9.961181282997131348e-01
9.959321022033691406e-01
9.957463741302490234e-01
9.955614209175109863e-01
9.953779578208923340e-01
9.951953291893005371e-01
9.950135946273803711e-01
9.948322176933288574e-01
9.946516752243041992e-01
9.944725632667541504e-01
9.942955374717712402e-01
9.941214323043823242e-01
9.939509034156799316e-01
9.937829375267028809e-01
9.936172962188720703e-01
9.934561848640441895e-01
9.932986497879028320e-01
9.931430220603942871e-01
9.929893016815185547e-01
9.928361177444458008e-01
9.926839470863342285e-01
9.925331473350524902e-01
9.923877716064453125e-01
9.922465682029724121e-01
9.921118021011352539e-01
9.919819235801696777e-01
9.918546676635742188e-01
9.917274117469787598e-01
9.915975332260131836e-01
9.914687275886535645e-01
9.913396239280700684e-01
9.912089109420776367e-01
9.910781979560852051e-01
9.909478425979614258e-01
9.908137321472167969e-01
9.906753897666931152e-01
9.905366897583007812e-01
9.904011487960815430e-01
9.902641773223876953e-01
9.901298284530639648e-01
9.899973869323730469e-01
9.898636937141418457e-01
9.897273778915405273e-01
9.895920157432556152e-01
9.894551634788513184e-01
9.893113374710083008e-01
9.891749620437622070e-01
9.890443086624145508e-01
9.889169931411743164e-01
9.887726306915283203e-01
9.886279702186584473e-01
9.884848594665527344e-01
9.883400201797485352e-01
9.881938099861145020e-01
9.880512952804565430e-01
9.879100918769836426e-01
9.877662062644958496e-01
9.876190423965454102e-01
9.874686002731323242e-01
9.873169064521789551e-01
9.871641397476196289e-01
9.870142340660095215e-01
9.868664145469665527e-01
9.867202043533325195e-01
9.865720272064208984e-01
9.864217042922973633e-01
9.862720966339111328e-01
9.861280918121337891e-01
9.859889149665832520e-01
9.858525991439819336e-01
9.857028722763061523e-01
9.855433702468872070e-01
9.853761196136474609e-01
9.852067232131958008e-01
9.850379228591918945e-01
9.848693013191223145e-01
9.847053885459899902e-01
9.845443964004516602e-01
9.843870997428894043e-01
9.842349290847778320e-01
9.840865731239318848e-01
9.839419126510620117e-01
9.838005900382995605e-01
9.836608171463012695e-01
9.835223555564880371e-01
9.833875894546508789e-01
9.832561612129211426e-01
9.831287264823913574e-01
9.830051660537719727e-01
9.828879237174987793e-01
9.827769994735717773e-01
9.826706647872924805e-01
9.825668931007385254e-01
9.824663996696472168e-01
9.823682904243469238e-01
9.822735786437988281e-01
9.821812510490417480e-01
9.820908904075622559e-01
9.820027947425842285e-01
9.819168448448181152e-01
9.818312525749206543e-01
9.817469120025634766e-01
9.816628098487854004e-01
9.815803766250610352e-01
9.814996719360351562e-01
9.814199805259704590e-01
9.813410639762878418e-01
9.812629222869873047e-01
9.811837077140808105e-01
9.811056256294250488e-01
9.810287952423095703e-01
9.809519052505493164e-01
9.808742403984069824e-01
9.807959198951721191e-01
9.807173609733581543e-01
9.806385636329650879e-01
9.805592298507690430e-01
9.804791212081909180e-01
9.803993105888366699e-01
9.803202748298645020e-01
9.802412390708923340e-01
9.801624417304992676e-01
9.800844788551330566e-01
9.800075292587280273e-01
9.799301624298095703e-01
9.798533916473388672e-01
9.797767996788024902e-01
9.797000288963317871e-01
9.796230196952819824e-01
9.795457720756530762e-01
9.794680476188659668e-01
9.793896079063415527e-01
9.793105721473693848e-01
9.792313575744628906e-01
9.791516661643981934e-01
9.790715575218200684e-01
9.789915084838867188e-01
9.789111614227294922e-01
9.788306355476379395e-01
9.787498712539672852e-01
9.786688685417175293e-01
9.785882830619812012e-01
9.785073399543762207e-01
9.784254431724548340e-01
9.783433079719543457e-01
9.782606363296508789e-01
9.781774282455444336e-01
9.780936837196350098e-01
9.780097603797912598e-01
9.779255986213684082e-01
9.778417348861694336e-01
9.777576327323913574e-01
9.776723384857177734e-01
9.775865674018859863e-01
9.775000214576721191e-01
9.774128198623657227e-01
9.773249626159667969e-01
9.772366285324096680e-01
9.771480560302734375e-01
9.770591259002685547e-01
9.769696593284606934e-01
9.768797755241394043e-01
9.767898917198181152e-01
9.766995310783386230e-01
9.766092300415039062e-01
9.765190482139587402e-01
9.764286279678344727e-01
9.763377308845520020e-01
9.762467741966247559e-01
9.761560559272766113e-01
9.760649800300598145e-01
9.759732484817504883e-01
9.758806228637695312e-01
9.757881760597229004e-01
9.756951928138732910e-01
9.756022691726684570e-01
9.755091667175292969e-01
9.754148721694946289e-01
9.753211140632629395e-01
9.752271771430969238e-01
9.751328229904174805e-01
9.750389456748962402e-01
9.749436378479003906e-01
9.748482108116149902e-01
9.747526645660400391e-01
9.746563434600830078e-01
9.745602607727050781e-01
9.744636416435241699e-01
9.743666052818298340e-01
9.742693901062011719e-01
9.741716384887695312e-01
9.740724563598632812e-01
9.739729762077331543e-01
9.738729000091552734e-01
9.737710356712341309e-01
9.736700654029846191e-01
9.735678434371948242e-01
9.734641313552856445e-01
9.733600616455078125e-01
9.732532501220703125e-01
9.731450676918029785e-01
9.730359315872192383e-01
9.729259014129638672e-01
9.728146791458129883e-01
9.727028012275695801e-01
9.725909233093261719e-01
9.724776744842529297e-01
9.723620414733886719e-01
9.722456932067871094e-01
9.721279144287109375e-01
9.720087051391601562e-01
9.718873500823974609e-01
9.717658758163452148e-01
9.716436266899108887e-01
9.715182185173034668e-01
9.713914394378662109e-01
9.712635278701782227e-01
9.711341261863708496e-01
9.710013270378112793e-01
9.708644747734069824e-01
9.707203507423400879e-01
9.705709218978881836e-01
9.704157710075378418e-01
9.702579379081726074e-01
9.700923562049865723e-01
9.699265956878662109e-01
9.697586297988891602e-01
9.695893526077270508e-01
9.694205522537231445e-01
9.692465662956237793e-01
9.690647125244140625e-01
9.688792228698730469e-01
9.686995148658752441e-01
9.685306549072265625e-01
9.683733582496643066e-01
9.682222604751586914e-01
9.680701494216918945e-01
9.679181575775146484e-01
9.677629470825195312e-01
9.676093459129333496e-01
9.674492478370666504e-01
9.672927260398864746e-01
9.671334028244018555e-01
9.669793844223022461e-01
9.668243527412414551e-01
9.666720628738403320e-01
9.665157794952392578e-01
9.663544893264770508e-01
9.661908745765686035e-01
9.660271406173706055e-01
9.658619761466979980e-01
9.656973481178283691e-01
9.655332565307617188e-01
9.653695225715637207e-01
9.652035832405090332e-01
9.650363922119140625e-01
9.648706316947937012e-01
9.647052884101867676e-01
9.645429849624633789e-01
9.643821120262145996e-01
9.642232656478881836e-01
9.640666246414184570e-01
9.639091491699218750e-01
9.637504220008850098e-01
9.635941982269287109e-01
9.634392857551574707e-01
9.632861614227294922e-01
9.631339311599731445e-01
9.629825353622436523e-01
9.628318548202514648e-01
9.626821279525756836e-01
9.625313878059387207e-01
9.623816609382629395e-01
9.622339606285095215e-01
9.620857238769531250e-01
9.619398117065429688e-01
9.617944359779357910e-01
9.616483449935913086e-01
9.615024924278259277e-01
9.613590240478515625e-01
9.612146615982055664e-01
9.610726833343505859e-01
9.609296917915344238e-01
9.607876539230346680e-01
9.606472253799438477e-01
9.605094194412231445e-01
9.603704214096069336e-01
9.602308869361877441e-01
9.600896239280700684e-01
9.599493741989135742e-01
9.598094224929809570e-01
9.596701860427856445e-01
9.595295190811157227e-01
9.593877196311950684e-01
9.592460989952087402e-01
9.591038823127746582e-01
9.589623808860778809e-01
9.588199853897094727e-01
9.586808085441589355e-01
9.585364460945129395e-01
9.583916664123535156e-01
9.582448601722717285e-01
9.580988883972167969e-01
9.579551219940185547e-01
9.578118324279785156e-01
9.576700925827026367e-01
9.575188159942626953e-01
9.573651552200317383e-01
9.572125077247619629e-01
9.570637941360473633e-01
9.569145441055297852e-01
9.567536711692810059e-01
9.565925002098083496e-01
9.564332962036132812e-01
9.562706351280212402e-01
9.561002850532531738e-01
9.559269547462463379e-01
9.557496309280395508e-01
9.555657505989074707e-01
9.553609490394592285e-01
9.551466703414916992e-01
9.549273848533630371e-01
9.547209739685058594e-01
9.545304179191589355e-01
9.543437957763671875e-01
9.541499614715576172e-01
9.539453983306884766e-01
9.537332653999328613e-01
9.535163044929504395e-01
9.532953500747680664e-01
9.530728459358215332e-01
9.528449773788452148e-01
9.526139497756958008e-01
9.523780941963195801e-01
9.521380662918090820e-01
9.518918991088867188e-01
9.516450166702270508e-01
9.513934850692749023e-01
9.511378407478332520e-01
9.508807063102722168e-01
9.506168365478515625e-01
9.503448605537414551e-01
9.500732421875000000e-01
9.498030543327331543e-01
9.495323300361633301e-01
9.492632746696472168e-01
9.489946961402893066e-01
9.487606287002563477e-01
9.485107660293579102e-01
9.481806755065917969e-01
9.478828310966491699e-01
9.476560354232788086e-01
9.473515152931213379e-01
9.470547437667846680e-01
9.467954039573669434e-01
9.464985728263854980e-01
9.462053179740905762e-01
9.459340572357177734e-01
9.456293582916259766e-01
9.453349113464355469e-01
9.450478553771972656e-01
9.447450637817382812e-01
9.444462656974792480e-01
9.441418051719665527e-01
9.438331127166748047e-01
9.435211420059204102e-01
9.432206749916076660e-01
9.429010748863220215e-01
9.425932765007019043e-01
9.422808885574340820e-01
9.419723153114318848e-01
9.416552782058715820e-01
9.413478374481201172e-01
9.410324692726135254e-01
9.407306313514709473e-01
9.404255747795104980e-01
9.401182532310485840e-01
9.398192167282104492e-01
9.395139813423156738e-01
9.392242431640625000e-01
9.389267563819885254e-01
9.386255145072937012e-01
9.383227229118347168e-01
9.380170702934265137e-01
9.377240538597106934e-01
9.374217391014099121e-01
9.371218085289001465e-01
9.368222355842590332e-01
9.365205168724060059e-01
9.362256526947021484e-01
9.359255433082580566e-01
9.356274604797363281e-01
9.353390336036682129e-01
9.350417256355285645e-01
9.347634911537170410e-01
9.344802498817443848e-01
9.341727495193481445e-01
9.338597655296325684e-01
9.335501194000244141e-01
9.332600235939025879e-01
9.329794645309448242e-01
9.327055215835571289e-01
9.323900938034057617e-01
9.320718646049499512e-01
9.317438006401062012e-01
9.314564466476440430e-01
9.311639070510864258e-01
9.308736324310302734e-01
9.305660724639892578e-01
9.302506446838378906e-01
9.299926161766052246e-01
9.297305345535278320e-01
9.294602274894714355e-01
9.291738271713256836e-01
9.288948178291320801e-01
9.286590218544006348e-01
9.283988475799560547e-01
9.281089305877685547e-01
9.278372526168823242e-01
9.275817871093750000e-01
9.273267388343811035e-01
9.270450472831726074e-01
9.267736673355102539e-01
9.265186786651611328e-01
9.262747764587402344e-01
9.260355234146118164e-01
9.257870316505432129e-01
9.255284070968627930e-01
9.252704381942749023e-01
9.250195622444152832e-01
9.247832894325256348e-01
9.245539903640747070e-01
9.243252277374267578e-01
9.240939617156982422e-01
9.238563179969787598e-01
9.236212968826293945e-01
9.233775734901428223e-01
9.231379032135009766e-01
9.229086637496948242e-01
9.226822853088378906e-01
9.224633574485778809e-01
9.222478270530700684e-01
9.220396280288696289e-01
9.218088984489440918e-01
9.215834736824035645e-01
9.213514328002929688e-01
9.211249351501464844e-01
9.209039211273193359e-01
9.206908941268920898e-01
9.204779863357543945e-01
9.202706217765808105e-01
9.200665354728698730e-01
9.198530316352844238e-01
9.196484088897705078e-01
9.194408655166625977e-01
9.192363619804382324e-01
9.190301299095153809e-01
9.188239574432373047e-01
9.186159968376159668e-01
9.184143543243408203e-01
9.182172417640686035e-01
9.180273413658142090e-01
9.178411960601806641e-01
9.176455140113830566e-01
9.174440503120422363e-01
9.172525405883789062e-01
9.170617461204528809e-01
9.168704152107238770e-01
9.166767001152038574e-01
9.164971113204956055e-01
9.163133502006530762e-01
9.161291718482971191e-01
9.159483313560485840e-01
9.157691597938537598e-01
9.155800938606262207e-01
9.153871536254882812e-01
9.152197241783142090e-01
9.150788784027099609e-01
9.149433374404907227e-01
9.147517085075378418e-01
9.145492911338806152e-01
9.143561124801635742e-01
9.142380356788635254e-01
9.141122102737426758e-01
9.139381051063537598e-01
9.137910008430480957e-01
9.135599136352539062e-01
9.134054780006408691e-01
9.132829904556274414e-01
9.131103157997131348e-01
9.129643440246582031e-01
9.127997756004333496e-01
9.126748442649841309e-01
9.125176072120666504e-01
9.123423695564270020e-01
9.122134447097778320e-01
9.120530486106872559e-01
9.119538664817810059e-01
9.118517637252807617e-01
9.116511940956115723e-01
9.115725159645080566e-01
9.114843010902404785e-01
9.113780856132507324e-01
9.111363291740417480e-01
9.110798239707946777e-01
9.110980033874511719e-01
9.107987284660339355e-01
9.106569886207580566e-01
9.106411337852478027e-01
9.104948639869689941e-01
9.102975726127624512e-01
9.103592038154602051e-01
9.100407361984252930e-01
9.099757075309753418e-01
9.098212718963623047e-01
9.096834659576416016e-01
9.096046686172485352e-01
9.095050692558288574e-01
9.093320369720458984e-01
9.093198180198669434e-01
9.091154336929321289e-01
9.090412855148315430e-01
9.089323282241821289e-01
9.088268876075744629e-01
9.086890220642089844e-01
9.086353182792663574e-01
9.084755778312683105e-01
9.084126353263854980e-01
9.082936048507690430e-01
9.081984162330627441e-01
9.080895781517028809e-01
9.080218672752380371e-01
9.079033732414245605e-01
9.078062176704406738e-01
9.077239036560058594e-01
9.076163768768310547e-01
9.075224399566650391e-01
9.074415564537048340e-01
9.073492884635925293e-01
9.072484970092773438e-01
9.071767926216125488e-01
9.070832729339599609e-01
9.069849848747253418e-01
9.068996310234069824e-01
9.068214893341064453e-01
9.067267775535583496e-01
9.066392779350280762e-01
9.065604209899902344e-01
9.064763188362121582e-01
9.063857793807983398e-01
9.063097834587097168e-01
9.062227010726928711e-01
9.061400890350341797e-01
9.060575366020202637e-01
9.059743881225585938e-01
9.058943986892700195e-01
9.058108925819396973e-01
9.057310819625854492e-01
9.056477546691894531e-01
9.055706858634948730e-01
9.054881334304809570e-01
9.054037928581237793e-01
9.053224325180053711e-01
9.052389264106750488e-01
9.051595926284790039e-01
9.050820469856262207e-01
9.050043821334838867e-01
9.049208760261535645e-01
9.048383235931396484e-01
9.047598838806152344e-01
9.046872258186340332e-01
9.046127796173095703e-01
9.045340418815612793e-01
9.044551253318786621e-01
9.043771028518676758e-01
9.043011069297790527e-01
9.042251110076904297e-01
9.041482210159301758e-01
9.040750861167907715e-01
9.040043354034423828e-01
9.039412736892700195e-01
9.038785696029663086e-01
9.038283228874206543e-01
9.037719368934631348e-01
9.036958813667297363e-01
9.036085605621337891e-01
9.035204052925109863e-01
9.034341573715209961e-01
9.033540487289428711e-01
9.032838344573974609e-01
9.032168388366699219e-01
9.031527638435363770e-01
9.030935168266296387e-01
9.030293226242065430e-01
9.029613733291625977e-01
9.028940796852111816e-01
9.028168916702270508e-01
9.027470946311950684e-01
9.026827216148376465e-01
9.026173949241638184e-01
9.025520682334899902e-01
9.024872183799743652e-01
9.024186730384826660e-01
9.023525714874267578e-01
9.022881984710693359e-01
9.022215008735656738e-01
9.021565318107604980e-01
9.020884633064270020e-01
9.020233750343322754e-01
9.019579887390136719e-01
9.018936753273010254e-01
9.018284082412719727e-01
9.017644524574279785e-01
9.017006158828735352e-01
9.016373157501220703e-01
9.015747308731079102e-01
9.015130400657653809e-01
9.014508128166198730e-01
9.013877511024475098e-01
9.013289213180541992e-01
9.012739658355712891e-01
9.012238979339599609e-01
9.011881351470947266e-01
9.011688232421875000e-01
9.012223482131958008e-01
9.011963009834289551e-01
9.011086821556091309e-01
9.008584022521972656e-01
9.007777571678161621e-01
9.008851051330566406e-01
9.008420705795288086e-01
9.006256461143493652e-01
9.005917310714721680e-01
9.006780385971069336e-01
9.007380008697509766e-01
9.003553986549377441e-01
9.005787968635559082e-01
9.006305336952209473e-01
9.003260731697082520e-01
9.003904461860656738e-01
9.006840586662292480e-01
9.001633524894714355e-01
9.003385901451110840e-01
9.002099037170410156e-01
8.999738097190856934e-01
9.001646041870117188e-01
9.000154733657836914e-01
8.998981118202209473e-01
8.999909162521362305e-01
8.996757864952087402e-01
8.997824788093566895e-01
8.996263742446899414e-01
8.996201157569885254e-01
8.995856046676635742e-01
8.994525074958801270e-01
8.995083570480346680e-01
8.993631005287170410e-01
8.993924260139465332e-01
8.993054032325744629e-01
8.992428183555603027e-01
8.992417454719543457e-01
8.991371989250183105e-01
8.991675972938537598e-01
8.990627527236938477e-01
8.990299701690673828e-01
8.990149497985839844e-01
8.989310860633850098e-01
8.989155888557434082e-01
8.988559246063232422e-01
8.988085389137268066e-01
8.987756967544555664e-01
8.987358212471008301e-01
8.986595869064331055e-01
8.986544013023376465e-01
8.985729813575744629e-01
8.985517621040344238e-01
8.985051512718200684e-01
8.984686136245727539e-01
8.984079360961914062e-01
8.983953595161437988e-01
8.983502388000488281e-01
8.982999920845031738e-01
8.982499837875366211e-01
8.982322812080383301e-01
8.981729149818420410e-01
8.981290459632873535e-01
8.981016278266906738e-01
8.980597853660583496e-01
8.980112671852111816e-01
8.979635238647460938e-01
8.979305624961853027e-01
8.978823423385620117e-01
8.978507518768310547e-01
8.978025913238525391e-01
8.977659940719604492e-01
8.977241516113281250e-01
8.976839184761047363e-01
8.976511359214782715e-01
8.976146578788757324e-01
8.975727558135986328e-01
8.975275158882141113e-01
8.974908590316772461e-01
8.974575400352478027e-01
8.974258303642272949e-01
8.973836898803710938e-01
8.973458409309387207e-01
8.973041772842407227e-01
8.972651362419128418e-01
8.972284793853759766e-01
8.971932530403137207e-01
8.971593976020812988e-01
8.971215486526489258e-01
8.970861434936523438e-01
8.970447778701782227e-01
8.970121145248413086e-01
8.969674110412597656e-01
8.969371914863586426e-01
8.969104886054992676e-01
8.968698978424072266e-01
8.968240618705749512e-01
8.967816829681396484e-01
8.967486619949340820e-01
8.967100977897644043e-01
8.966725468635559082e-01
8.966338038444519043e-01
8.965959548950195312e-01
8.965582251548767090e-01
8.965217471122741699e-01
8.964866995811462402e-01
8.964466452598571777e-01
8.964112401008605957e-01
8.963742256164550781e-01
8.963391184806823730e-01
8.963004946708679199e-01
8.962650299072265625e-01
8.962281346321105957e-01
8.961917757987976074e-01
8.961557745933532715e-01
8.961187005043029785e-01
8.960832953453063965e-01
8.960478901863098145e-01
8.960131406784057617e-01
8.959769606590270996e-01
8.959368467330932617e-01
8.959010839462280273e-01
8.958654999732971191e-01
8.958293795585632324e-01
8.957899808883666992e-01
8.957552313804626465e-01
8.957205414772033691e-01
8.956876993179321289e-01
8.956453204154968262e-01
8.956074714660644531e-01
8.955728411674499512e-01
8.955381512641906738e-01
8.954962491989135742e-01
8.954571485519409180e-01
8.954305648803710938e-01
8.953944444656372070e-01
8.953449726104736328e-01
8.953091502189636230e-01
8.952738642692565918e-01
8.952355384826660156e-01
8.951961398124694824e-01
8.951505422592163086e-01
8.951177000999450684e-01
8.950803279876708984e-01
8.950478434562683105e-01
8.950261473655700684e-01
8.949657678604125977e-01
8.949191570281982422e-01
8.948772549629211426e-01
8.948413729667663574e-01
8.948081135749816895e-01
8.947601318359375000e-01
8.947225809097290039e-01
8.946783542633056641e-01
8.946511745452880859e-01
8.946116566658020020e-01
8.945556879043579102e-01
8.945282101631164551e-01
8.944796323776245117e-01
8.944450616836547852e-01
8.944082260131835938e-01
8.943402171134948730e-01
8.943313360214233398e-01
8.942756056785583496e-01
8.942406773567199707e-01
8.941777944564819336e-01
8.941285014152526855e-01
8.941051959991455078e-01
8.940342068672180176e-01
8.939890265464782715e-01
8.939403295516967773e-01
8.939054012298583984e-01
8.938354849815368652e-01
8.937967419624328613e-01
8.937786817550659180e-01
8.937321901321411133e-01
8.936672806739807129e-01
8.935983180999755859e-01
8.935940265655517578e-01
8.935446143150329590e-01
8.934690952301025391e-01
8.934153914451599121e-01
8.933712244033813477e-01
8.933554887771606445e-01
8.932877779006958008e-01
8.932209610939025879e-01
8.931573033332824707e-01
8.931055068969726562e-01
8.930638432502746582e-01
8.930107951164245605e-01
8.929561376571655273e-01
8.928967714309692383e-01
8.928558826446533203e-01
8.928070664405822754e-01
8.927518129348754883e-01
8.926891088485717773e-01
8.926397562026977539e-01
8.925994634628295898e-01
8.925462365150451660e-01
8.924856185913085938e-01
8.924213647842407227e-01
8.923737406730651855e-01
8.923181891441345215e-01
8.922657370567321777e-01
8.922071456909179688e-01
8.921492695808410645e-01
8.920927047729492188e-01
8.920363783836364746e-01
8.919832110404968262e-01
8.919290304183959961e-01
8.918715715408325195e-01
8.918150663375854492e-01
8.917587399482727051e-01
8.917033672332763672e-01
8.916523456573486328e-01
8.916030526161193848e-01
8.915466666221618652e-01
8.914914131164550781e-01
8.914289474487304688e-01
8.913736939430236816e-01
8.913313150405883789e-01
8.913135528564453125e-01
8.912827968597412109e-01
8.912800550460815430e-01
8.912351727485656738e-01
8.911955952644348145e-01
8.910731077194213867e-01
8.909625411033630371e-01
8.908824920654296875e-01
8.908351063728332520e-01
8.907982110977172852e-01
8.907957673072814941e-01
8.907617330551147461e-01
8.907188773155212402e-01
8.906756639480590820e-01
8.905810713768005371e-01
8.904702663421630859e-01
8.903979063034057617e-01
8.903611302375793457e-01
8.903333544731140137e-01
8.902695775032043457e-01
8.902072906494140625e-01
8.901398777961730957e-01
8.900774121284484863e-01
8.900246024131774902e-01
8.899853825569152832e-01
8.899521231651306152e-01
8.899343013763427734e-01
8.899078965187072754e-01
8.898099064826965332e-01
8.897184729576110840e-01
8.896526694297790527e-01
8.896158933639526367e-01
8.895791172981262207e-01
8.895440697669982910e-01
8.895298242568969727e-01
8.894472718238830566e-01
8.893765211105346680e-01
8.892902135848999023e-01
8.892449736595153809e-01
8.892206549644470215e-01
8.892124295234680176e-01
8.892616033554077148e-01
8.892162442207336426e-01
8.891984224319458008e-01
8.890624046325683594e-01
8.889355659484863281e-01
8.888452053070068359e-01
8.887820839881896973e-01
8.887513875961303711e-01
8.887512087821960449e-01
8.887364268302917480e-01
8.886837363243103027e-01
8.886162042617797852e-01
8.885070085525512695e-01
8.884438872337341309e-01
8.883536458015441895e-01
8.882996439933776855e-01
8.882722258567810059e-01
8.882227540016174316e-01
8.881830573081970215e-01
8.881122469902038574e-01
8.880353569984436035e-01
8.879455924034118652e-01
8.878670334815979004e-01
8.878152966499328613e-01
8.877741694450378418e-01
8.877360820770263672e-01
8.876951932907104492e-01
8.876947164535522461e-01
8.876044750213623047e-01
8.875111341476440430e-01
8.874082565307617188e-01
8.873212337493896484e-01
8.872525691986083984e-01
8.872007131576538086e-01
8.871631622314453125e-01
8.871145844459533691e-01
8.870604634284973145e-01
8.869903683662414551e-01
8.869178891181945801e-01
8.868449926376342773e-01
8.867794871330261230e-01
8.867158889770507812e-01
8.866547942161560059e-01
8.865953087806701660e-01
8.865352869033813477e-01
8.864759802818298340e-01
8.864147663116455078e-01
8.863599896430969238e-01
8.863101005554199219e-01
