1.024724125862121582e+00
1.023067235946655273e+00
1.021551847457885742e+00
1.020137667655944824e+00
1.018808245658874512e+00
1.017544269561767578e+00
1.016340970993041992e+00
1.015201449394226074e+00
1.014103531837463379e+00
1.013033866882324219e+00
1.012024521827697754e+00
1.011066198348999023e+00
1.010158061981201172e+00
1.009298563003540039e+00
1.008485794067382812e+00
1.007717490196228027e+00
1.006994843482971191e+00
1.006318330764770508e+00
1.005682945251464844e+00
1.005090355873107910e+00
1.004532456398010254e+00
1.004006624221801758e+00
1.003526210784912109e+00
1.003079414367675781e+00
1.002674102783203125e+00
1.002294182777404785e+00
1.001935482025146484e+00
1.001611232757568359e+00
1.001318335533142090e+00
1.001047611236572266e+00
1.000796318054199219e+00
1.000560998916625977e+00
1.000340580940246582e+00
1.000134348869323730e+00
9.999383091926574707e-01
9.997509717941284180e-01
9.995716214179992676e-01
9.993999004364013672e-01
9.992337822914123535e-01
9.990730285644531250e-01
9.989176988601684570e-01
9.987663030624389648e-01
9.986209869384765625e-01
9.984794855117797852e-01
9.983406066894531250e-01
9.982014298439025879e-01
9.980586171150207520e-01
9.979128837585449219e-01
9.977685213088989258e-01
9.976349472999572754e-01
9.974985718727111816e-01
9.973564743995666504e-01
9.972114562988281250e-01
9.970696568489074707e-01
9.969311356544494629e-01
9.967861175537109375e-01
9.966347217559814453e-01
9.964824318885803223e-01
9.963302612304687500e-01
9.961743354797363281e-01
9.960142374038696289e-01
9.958510994911193848e-01
9.956859946250915527e-01
9.955196380615234375e-01
9.953515529632568359e-01
9.951805472373962402e-01
9.950077533721923828e-01
9.948353171348571777e-01
9.946653246879577637e-01
9.944951534271240234e-01
9.943272471427917480e-01
9.941633343696594238e-01
9.940035939216613770e-01
9.938493967056274414e-01
9.936997294425964355e-01
9.935553669929504395e-01
9.934174418449401855e-01
9.932848215103149414e-01
9.931573271751403809e-01
9.930337071418762207e-01
9.929143786430358887e-01
9.927983880043029785e-01
9.926859736442565918e-01
9.925770759582519531e-01
9.924713969230651855e-01
9.923688173294067383e-01
9.922688603401184082e-01
9.921710491180419922e-01
9.920742511749267578e-01
9.919782280921936035e-01
9.918825626373291016e-01
9.917862415313720703e-01
9.916898608207702637e-01
9.915938377380371094e-01
9.914981126785278320e-01
9.914031028747558594e-01
9.913085699081420898e-01
9.912149310111999512e-01
9.911217689514160156e-01
9.910291433334350586e-01
9.909363985061645508e-01
9.908429980278015137e-01
9.907489418983459473e-01
9.906537532806396484e-01
9.905570149421691895e-01
9.904584288597106934e-01
9.903581142425537109e-01
9.902552962303161621e-01
9.901505708694458008e-01
9.900436401367187500e-01
9.899345040321350098e-01
9.898234009742736816e-01
9.897101521492004395e-01
9.895941615104675293e-01
9.894756078720092773e-01
9.893545508384704590e-01
9.892302155494689941e-01
9.891031980514526367e-01
9.889730811119079590e-01
9.888404607772827148e-01
9.887049198150634766e-01
9.885660409927368164e-01
9.884235262870788574e-01
9.882769584655761719e-01
9.881265163421630859e-01
9.879720211029052734e-01
9.878131747245788574e-01
9.876494407653808594e-01
9.874812960624694824e-01
9.873089194297790527e-01
9.871322512626647949e-01
9.869512319564819336e-01
9.867656826972961426e-01
9.865765571594238281e-01
9.863841533660888672e-01
9.861896634101867676e-01
9.859924912452697754e-01
9.857941269874572754e-01
9.855948686599731445e-01
9.853941798210144043e-01
9.851927161216735840e-01
9.849902987480163574e-01
9.847881197929382324e-01
9.845856428146362305e-01
9.843828082084655762e-01
9.841815233230590820e-01
9.839802384376525879e-01
9.837794899940490723e-01
9.835783839225769043e-01
9.833784103393554688e-01
9.831795692443847656e-01
9.829816818237304688e-01
9.827829599380493164e-01
9.825834631919860840e-01
9.823839068412780762e-01
9.821833372116088867e-01
9.819863438606262207e-01
9.817910194396972656e-01
9.815941452980041504e-01
9.813978672027587891e-01
9.812006354331970215e-01
9.810010194778442383e-01
9.807993173599243164e-01
9.805966019630432129e-01
9.803928732872009277e-01
9.801906943321228027e-01
9.799938201904296875e-01
9.797999858856201172e-01
9.796075224876403809e-01
9.794181585311889648e-01
9.792329072952270508e-01
9.790494441986083984e-01
9.788686037063598633e-01
9.786882400512695312e-01
9.785092473030090332e-01
9.783303141593933105e-01
9.781519770622253418e-01
9.779703021049499512e-01
9.777800440788269043e-01
9.775714278221130371e-01
9.773472547531127930e-01
9.771351218223571777e-01
9.769461750984191895e-01
9.767411947250366211e-01
9.765345454216003418e-01
9.763506650924682617e-01
9.761744141578674316e-01
9.759926199913024902e-01
9.758074879646301270e-01
9.756214618682861328e-01
9.754328727722167969e-01
9.752407670021057129e-01
9.750501513481140137e-01
9.748603105545043945e-01
9.746687412261962891e-01
9.744747877120971680e-01
9.742804765701293945e-01
9.740892648696899414e-01
9.739006161689758301e-01
9.737115502357482910e-01
9.735208153724670410e-01
9.733301997184753418e-01
9.731385111808776855e-01
9.729463458061218262e-01
9.727532863616943359e-01
9.725564718246459961e-01
9.723575711250305176e-01
9.721570611000061035e-01
9.719554185867309570e-01
9.717558622360229492e-01
9.715551137924194336e-01
9.713516831398010254e-01
9.711435437202453613e-01
9.709306955337524414e-01
9.707188010215759277e-01
9.705094695091247559e-01
9.703016281127929688e-01
9.700917601585388184e-01
9.698776602745056152e-01
9.696595668792724609e-01
9.694346189498901367e-01
9.692038893699645996e-01
9.689655303955078125e-01
9.687201976776123047e-01
9.684693813323974609e-01
9.682167768478393555e-01
9.679619073867797852e-01
9.677018523216247559e-01
9.674406051635742188e-01
9.671847820281982422e-01
9.669294953346252441e-01
9.666726589202880859e-01
9.664101600646972656e-01
9.661447405815124512e-01
9.658762812614440918e-01
9.656063318252563477e-01
9.653356075286865234e-01
9.650605916976928711e-01
9.647813439369201660e-01
9.644970297813415527e-01
9.642063975334167480e-01
9.639108777046203613e-01
9.636147618293762207e-01
9.633151888847351074e-01
9.630126953125000000e-01
9.627124071121215820e-01
9.624149799346923828e-01
9.621213078498840332e-01
9.618303179740905762e-01
9.615399837493896484e-01
9.612492918968200684e-01
9.609594345092773438e-01
9.606692194938659668e-01
9.603738784790039062e-01
9.600761532783508301e-01
9.597782492637634277e-01
9.594780802726745605e-01
9.591739177703857422e-01
9.588651657104492188e-01
9.585525989532470703e-01
9.582355022430419922e-01
9.579118490219116211e-01
9.575808048248291016e-01
9.572436809539794922e-01
9.569099545478820801e-01
9.565696120262145996e-01
9.562255740165710449e-01
9.558791518211364746e-01
9.555373787879943848e-01
9.552009701728820801e-01
9.548714756965637207e-01
9.545479416847229004e-01
9.542280435562133789e-01
9.539160132408142090e-01
9.536055922508239746e-01
9.532974958419799805e-01
9.529933333396911621e-01
9.526925086975097656e-01
9.523962736129760742e-01
9.521006345748901367e-01
9.518069028854370117e-01
9.515175819396972656e-01
9.512324929237365723e-01
9.509501457214355469e-01
9.506709575653076172e-01
9.503941535949707031e-01
9.501200914382934570e-01
9.498534798622131348e-01
9.495872855186462402e-01
9.493283033370971680e-01
9.490727186203002930e-01
9.488241076469421387e-01
9.485764503479003906e-01
9.483314752578735352e-01
9.480893015861511230e-01
9.478529095649719238e-01
9.476190805435180664e-01
9.473883509635925293e-01
9.471625685691833496e-01
9.469385743141174316e-01
9.467171430587768555e-01
9.465000033378601074e-01
9.462870359420776367e-01
9.460799694061279297e-01
9.458812475204467773e-01
9.456866979598999023e-01
9.454948902130126953e-01
9.453045725822448730e-01
9.451143741607666016e-01
9.449262022972106934e-01
9.447401762008666992e-01
9.445562958717346191e-01
9.443728327751159668e-01
9.441905021667480469e-01
9.440105557441711426e-01
9.438318610191345215e-01
9.436566829681396484e-01
9.434814453125000000e-01
9.433069229125976562e-01
9.431334733963012695e-01
9.429662823677062988e-01
9.428037405014038086e-01
9.426414966583251953e-01
9.424763917922973633e-01
9.423099756240844727e-01
9.421450495719909668e-01
9.420046210289001465e-01
9.418851733207702637e-01
9.416980147361755371e-01
9.415060877799987793e-01
9.414044618606567383e-01
9.412301778793334961e-01
9.410545229911804199e-01
9.409589171409606934e-01
9.407644867897033691e-01
9.406352639198303223e-01
9.404950141906738281e-01
9.403328895568847656e-01
9.402126669883728027e-01
9.400494098663330078e-01
9.399241209030151367e-01
9.397789835929870605e-01
9.396393299102783203e-01
9.395058155059814453e-01
9.393598437309265137e-01
9.392316937446594238e-01
9.390853643417358398e-01
9.389560818672180176e-01
9.388159513473510742e-01
9.386820197105407715e-01
9.385493993759155273e-01
9.384093880653381348e-01
9.382767677307128906e-01
9.381371140480041504e-01
9.380021095275878906e-01
9.378653168678283691e-01
9.377233982086181641e-01
9.375852942466735840e-01
9.374481439590454102e-01
9.373049736022949219e-01
9.371668100357055664e-01
9.370281696319580078e-01
9.368917346000671387e-01
9.367542266845703125e-01
9.366168379783630371e-01
9.364781379699707031e-01
9.363378286361694336e-01
9.361962676048278809e-01
9.360548853874206543e-01
9.359100461006164551e-01
9.357629418373107910e-01
9.356160163879394531e-01
9.354684352874755859e-01
9.353179931640625000e-01
9.351653456687927246e-01
9.350136518478393555e-01
9.348590373992919922e-01
9.347021579742431641e-01
9.345452785491943359e-01
9.343904256820678711e-01
9.342322349548339844e-01
9.340748190879821777e-01
9.339172840118408203e-01
9.337587356567382812e-01
9.335986375808715820e-01
9.334378242492675781e-01
9.332787990570068359e-01
9.331232309341430664e-01
9.329753518104553223e-01
9.328429102897644043e-01
9.326837658882141113e-01
9.325125217437744141e-01
9.323326945304870605e-01
9.322011470794677734e-01
9.320868253707885742e-01
9.319105744361877441e-01
9.317224621772766113e-01
9.315756559371948242e-01
9.314350485801696777e-01
9.312795400619506836e-01
9.311087727546691895e-01
9.309561848640441895e-01
9.308171272277832031e-01
9.306622743606567383e-01
9.304920434951782227e-01
9.303314089775085449e-01
9.301862716674804688e-01
9.300556182861328125e-01
9.298973679542541504e-01
9.297247529029846191e-01
9.295585155487060547e-01
9.294277429580688477e-01
9.293060898780822754e-01
9.291203618049621582e-01
9.289464354515075684e-01
9.287916421890258789e-01
9.286593198776245117e-01
9.285150170326232910e-01
9.283410310745239258e-01
9.281706809997558594e-01
9.280226826667785645e-01
9.278778433799743652e-01
9.277191162109375000e-01
9.275536537170410156e-01
9.273879528045654297e-01
9.272353649139404297e-01
9.270757436752319336e-01
9.269191026687622070e-01
9.267688393592834473e-01
9.266095161437988281e-01
9.264582395553588867e-01
9.263244271278381348e-01
9.262335896492004395e-01
9.263236522674560547e-01
9.259524941444396973e-01
9.257661700248718262e-01
9.258363842964172363e-01
9.255281090736389160e-01
9.253079891204833984e-01
9.253169894218444824e-01
9.249877929687500000e-01
9.249417185783386230e-01
9.248214364051818848e-01
9.245704412460327148e-01
9.246574044227600098e-01
9.243810772895812988e-01
9.242287278175354004e-01
9.241424798965454102e-01
9.238988161087036133e-01
9.238113164901733398e-01
9.236577749252319336e-01
9.234849214553833008e-01
9.233732223510742188e-01
9.231935739517211914e-01
9.230657219886779785e-01
9.229429960250854492e-01
9.227837920188903809e-01
9.226920604705810547e-01
9.226081371307373047e-01
9.223614931106567383e-01
9.223612546920776367e-01
9.222594499588012695e-01
9.219984412193298340e-01
9.220714569091796875e-01
9.217931628227233887e-01
9.216609001159667969e-01
9.215821623802185059e-01
9.213206768035888672e-01
9.212601184844970703e-01
9.210663437843322754e-01
9.209063649177551270e-01
9.207832217216491699e-01
9.206265211105346680e-01
9.205480813980102539e-01
9.204421639442443848e-01
9.202501177787780762e-01
9.201454520225524902e-01
9.200083613395690918e-01
9.198226928710937500e-01
9.197528958320617676e-01
9.195934534072875977e-01
9.194254279136657715e-01
9.193583130836486816e-01
9.191663265228271484e-01
9.190232753753662109e-01
9.189023971557617188e-01
9.187076687812805176e-01
9.185631871223449707e-01
9.184240102767944336e-01
9.182506203651428223e-01
9.180751442909240723e-01
9.179567098617553711e-01
9.178128242492675781e-01
9.175852537155151367e-01
9.175162911415100098e-01
9.173741340637207031e-01
9.171110987663269043e-01
9.170298576354980469e-01
9.168896079063415527e-01
9.166097044944763184e-01
9.165789484977722168e-01
9.164081811904907227e-01
9.161145091056823730e-01
9.161226153373718262e-01
9.158962368965148926e-01
9.156272411346435547e-01
9.156523942947387695e-01
9.153491854667663574e-01
9.151731729507446289e-01
9.150981307029724121e-01
9.147758483886718750e-01
9.146567583084106445e-01
9.144918322563171387e-01
9.142618179321289062e-01
9.141151905059814453e-01
9.139692783355712891e-01
9.137751460075378418e-01
9.135996699333190918e-01
9.134870171546936035e-01
9.133330583572387695e-01
9.131152629852294922e-01
9.130249023437500000e-01
9.129000306129455566e-01
9.126192331314086914e-01
9.126052260398864746e-01
9.124215841293334961e-01
9.121415615081787109e-01
9.121794104576110840e-01
9.118831753730773926e-01
9.116455912590026855e-01
9.116637110710144043e-01
9.113686084747314453e-01
9.111475944519042969e-01
9.111322164535522461e-01
9.108895659446716309e-01
9.106542468070983887e-01
9.106914401054382324e-01
9.103741645812988281e-01
9.101376533508300781e-01
9.101388454437255859e-01
9.098927974700927734e-01
9.096003174781799316e-01
9.095778465270996094e-01
9.094076752662658691e-01
9.090847373008728027e-01
9.091193675994873047e-01
9.088314175605773926e-01
9.085736274719238281e-01
9.085401296615600586e-01
9.083383679389953613e-01
9.080430269241333008e-01
9.079343676567077637e-01
9.077931642532348633e-01
9.075376987457275391e-01
9.074100255966186523e-01
9.073187112808227539e-01
9.070681929588317871e-01
9.069906473159790039e-01
9.068435430526733398e-01
9.066469669342041016e-01
9.064987897872924805e-01
9.064340591430664062e-01
9.062539935111999512e-01
9.060456156730651855e-01
9.059173464775085449e-01
9.057940244674682617e-01
9.056624174118041992e-01
9.054836034774780273e-01
9.053590297698974609e-01
9.052474498748779297e-01
9.051032662391662598e-01
9.049400091171264648e-01
9.048087596893310547e-01
9.046898484230041504e-01
9.045704007148742676e-01
9.044249057769775391e-01
9.042622447013854980e-01
9.041338562965393066e-01
9.039966464042663574e-01
9.038900136947631836e-01
9.037757515907287598e-01
9.036321043968200684e-01
9.034872651100158691e-01
9.033271670341491699e-01
9.031886458396911621e-01
9.030455946922302246e-01
9.029135704040527344e-01
9.027782082557678223e-01
9.026377201080322266e-01
9.025064706802368164e-01
9.023713469505310059e-01
9.022493958473205566e-01
9.021608829498291016e-01
9.020742177963256836e-01
9.019840359687805176e-01
9.018849730491638184e-01
9.017250537872314453e-01
9.014800786972045898e-01
9.013030529022216797e-01
9.012235403060913086e-01
9.012233018875122070e-01
9.012479782104492188e-01
9.010102152824401855e-01
9.007532596588134766e-01
9.006072878837585449e-01
9.005203843116760254e-01
9.004330635070800781e-01
9.003616571426391602e-01
9.001916646957397461e-01
9.000582098960876465e-01
8.999515175819396973e-01
8.998578190803527832e-01
8.997738957405090332e-01
8.996732234954833984e-01
8.995898962020874023e-01
8.994718790054321289e-01
8.993458747863769531e-01
8.992336392402648926e-01
8.991168141365051270e-01
8.990243077278137207e-01
8.989207148551940918e-01
8.988171815872192383e-01
8.987404704093933105e-01
8.986430764198303223e-01
8.985680937767028809e-01
8.984983563423156738e-01
8.984560966491699219e-01
8.984161615371704102e-01
8.983281850814819336e-01
8.981758952140808105e-01
8.979784250259399414e-01
8.978568315505981445e-01
8.978191018104553223e-01
8.977904319763183594e-01
8.977196216583251953e-01
8.976233601570129395e-01
8.974572420120239258e-01
8.973121643066406250e-01
8.972446918487548828e-01
8.972005844116210938e-01
8.971382975578308105e-01
8.970321416854858398e-01
8.969115614891052246e-01
8.967969417572021484e-01
8.967198729515075684e-01
8.966896533966064453e-01
8.966815471649169922e-01
8.966671824455261230e-01
8.965713381767272949e-01
8.964223861694335938e-01
8.962739109992980957e-01
8.961485028266906738e-01
8.960860371589660645e-01
8.960773348808288574e-01
8.960593938827514648e-01
8.959809541702270508e-01
8.958507180213928223e-01
8.957199454307556152e-01
8.956178426742553711e-01
8.955796957015991211e-01
8.955577015876770020e-01
8.954795598983764648e-01
8.953823447227478027e-01
8.952816724777221680e-01
8.951762318611145020e-01
8.951038122177124023e-01
8.950545787811279297e-01
8.950018882751464844e-01
8.949404358863830566e-01
8.948988914489746094e-01
8.948216438293457031e-01
8.947396874427795410e-01
8.946476578712463379e-01
8.945370316505432129e-01
8.944450020790100098e-01
8.943739533424377441e-01
8.943092226982116699e-01
8.942500948905944824e-01
8.942143917083740234e-01
8.941979408264160156e-01
8.941760063171386719e-01
8.940583467483520508e-01
8.939162492752075195e-01
8.938023447990417480e-01
8.937378525733947754e-01
8.936961293220520020e-01
8.936426043510437012e-01
8.935766816139221191e-01
8.934908509254455566e-01
8.933929204940795898e-01
8.933091163635253906e-01
8.932337760925292969e-01
8.931650519371032715e-01
8.930994272232055664e-01
8.930388689041137695e-01
8.929828405380249023e-01
8.929144740104675293e-01
8.928323388099670410e-01
8.927498459815979004e-01
8.926843404769897461e-01
8.926147222518920898e-01
8.925471901893615723e-01
8.924999833106994629e-01
8.924357295036315918e-01
8.923783302307128906e-01
8.923105597496032715e-01
8.922443985939025879e-01
8.921659588813781738e-01
8.920904994010925293e-01
8.920010924339294434e-01
8.919131755828857422e-01
8.918269276618957520e-01
8.917514681816101074e-01
8.916733264923095703e-01
8.916019797325134277e-01
8.915464282035827637e-01
8.914753794670104980e-01
8.914318680763244629e-01
8.913671374320983887e-01
8.913463950157165527e-01
8.912979960441589355e-01
8.912310600280761719e-01
8.911128640174865723e-01
8.909796476364135742e-01
8.908153176307678223e-01
8.907077312469482422e-01
8.906370997428894043e-01
8.905934095382690430e-01
8.905795216560363770e-01
8.905457854270935059e-01
8.904712796211242676e-01
8.903559446334838867e-01
8.901917338371276855e-01
8.900563716888427734e-01
8.899513483047485352e-01
8.898738622665405273e-01
8.898089528083801270e-01
8.897522091865539551e-01
8.897067308425903320e-01
8.896475434303283691e-01
8.896102905273437500e-01
8.895167708396911621e-01
8.894517421722412109e-01
8.893278241157531738e-01
8.892038464546203613e-01
8.890734314918518066e-01
8.889734148979187012e-01
8.889051079750061035e-01
8.888645172119140625e-01
8.888258337974548340e-01
8.888128995895385742e-01
8.888165950775146484e-01
8.887624144554138184e-01
8.886488080024719238e-01
8.884756565093994141e-01
8.883222341537475586e-01
8.882082104682922363e-01
8.881249427795410156e-01
8.880634307861328125e-01
8.880209922790527344e-01
8.879612684249877930e-01
8.879448175430297852e-01
8.879401087760925293e-01
8.878744840621948242e-01
8.877552747726440430e-01
8.876324295997619629e-01
8.874898552894592285e-01
8.873988986015319824e-01
8.873412609100341797e-01
8.872836828231811523e-01
8.872619271278381348e-01
8.872122764587402344e-01
8.871251940727233887e-01
8.870055079460144043e-01
8.869041800498962402e-01
8.868228197097778320e-01
8.867694139480590820e-01
8.867263793945312500e-01
8.866792321205139160e-01
8.866259455680847168e-01
8.865450620651245117e-01
8.864704966545104980e-01
8.863822817802429199e-01
8.863085508346557617e-01
8.862325549125671387e-01
8.861597180366516113e-01
8.860996365547180176e-01
8.860343098640441895e-01
8.859721422195434570e-01
8.859325051307678223e-01
8.859019279479980469e-01
8.859000205993652344e-01
8.859607577323913574e-01
8.860445022583007812e-01
8.861132264137268066e-01
8.859505057334899902e-01
8.856951594352722168e-01
8.854463100433349609e-01
8.853657245635986328e-01
8.854398727416992188e-01
8.855166435241699219e-01
8.855434656143188477e-01
8.853049874305725098e-01
8.850960731506347656e-01
8.850040435791015625e-01
8.850257992744445801e-01
8.850433826446533203e-01
8.849495053291320801e-01
8.848387598991394043e-01
8.847178220748901367e-01
8.846525549888610840e-01
8.846271634101867676e-01
8.845769762992858887e-01
8.845173120498657227e-01
8.844273090362548828e-01
8.843625783920288086e-01
8.843227624893188477e-01
8.842911720275878906e-01
8.842766284942626953e-01
8.842012286186218262e-01
8.841394186019897461e-01
8.840556740760803223e-01
8.839857578277587891e-01
8.839293122291564941e-01
8.838793635368347168e-01
8.838273882865905762e-01
8.837783932685852051e-01
8.837187290191650391e-01
8.836783766746520996e-01
8.836318850517272949e-01
8.836155533790588379e-01
8.835682272911071777e-01
8.835801482200622559e-01
8.835387825965881348e-01
8.835155963897705078e-01
8.834133744239807129e-01
8.833230137825012207e-01
8.832159638404846191e-01
8.831387758255004883e-01
8.830772638320922852e-01
8.830245137214660645e-01
8.829896450042724609e-01
8.829648494720458984e-01
8.829680085182189941e-01
8.829621672630310059e-01
8.829751610755920410e-01
8.828788995742797852e-01
8.827877640724182129e-01
8.826666474342346191e-01
8.825985193252563477e-01
8.825407028198242188e-01
8.825024366378784180e-01
8.824724555015563965e-01
8.824758529663085938e-01
8.825199007987976074e-01
8.826017379760742188e-01
8.824523687362670898e-01
8.823264241218566895e-01
8.821656107902526855e-01
8.820877075195312500e-01
8.820410370826721191e-01
8.820182681083679199e-01
8.820138573646545410e-01
8.820258975028991699e-01
8.820487856864929199e-01
8.819148540496826172e-01
8.818244934082031250e-01
8.817249536514282227e-01
8.816596269607543945e-01
8.816167712211608887e-01
8.815708160400390625e-01
8.815144300460815430e-01
8.814640045166015625e-01
8.814365863800048828e-01
8.814612627029418945e-01
8.815070390701293945e-01
8.815720677375793457e-01
8.814426660537719727e-01
8.813039660453796387e-01
8.811613917350769043e-01
8.810945153236389160e-01
8.810806274414062500e-01
8.811168670654296875e-01
8.811664581298828125e-01
8.810626268386840820e-01
8.809397816658020020e-01
8.808400034904479980e-01
8.807807564735412598e-01
8.807519078254699707e-01
8.807269334793090820e-01
8.807061910629272461e-01
8.806825280189514160e-01
8.806472420692443848e-01
8.805659413337707520e-01
8.804965019226074219e-01
8.804416656494140625e-01
8.803878426551818848e-01
8.803443312644958496e-01
8.803136348724365234e-01
8.802903294563293457e-01
8.802766799926757812e-01
8.802852630615234375e-01
8.802890777587890625e-01
8.802347779273986816e-01
8.801428675651550293e-01
8.800422549247741699e-01
8.799604773521423340e-01
8.799023032188415527e-01
8.798568248748779297e-01
8.798226714134216309e-01
8.798027038574218750e-01
8.797976374626159668e-01
8.797483444213867188e-01
8.797065615653991699e-01
8.796653747558593750e-01
8.796024322509765625e-01
8.795487284660339355e-01
8.795142173767089844e-01
8.794447779655456543e-01
8.793941736221313477e-01
8.793563246726989746e-01
8.793259263038635254e-01
8.792974352836608887e-01
8.792908191680908203e-01
8.792349696159362793e-01
8.791896104812622070e-01
8.791158199310302734e-01
8.790531754493713379e-01
8.790013194084167480e-01
8.789594769477844238e-01
8.789263963699340820e-01
8.788871765136718750e-01
8.788459300994873047e-01
8.788112998008728027e-01
8.787890672683715820e-01
8.787719607353210449e-01
8.788452148437500000e-01
8.789681792259216309e-01
8.793296217918395996e-01
8.796256780624389648e-01
8.795198798179626465e-01
8.789384961128234863e-01
8.784981369972229004e-01
8.785971999168395996e-01
8.789302110671997070e-01
8.789848685264587402e-01
8.786390423774719238e-01
8.782948851585388184e-01
8.783448338508605957e-01
8.785271644592285156e-01
8.784669041633605957e-01
8.782029747962951660e-01
8.781237006187438965e-01
8.781988620758056641e-01
8.783206343650817871e-01
8.782263994216918945e-01
8.780162334442138672e-01
8.779270648956298828e-01
8.780136704444885254e-01
8.780696392059326172e-01
8.780464529991149902e-01
8.778235912322998047e-01
8.777424097061157227e-01
8.778091073036193848e-01
8.778671622276306152e-01
8.778476119041442871e-01
8.777022957801818848e-01
8.775569796562194824e-01
8.775619268417358398e-01
8.776854872703552246e-01
8.777688145637512207e-01
8.776651024818420410e-01
8.774667978286743164e-01
8.773525357246398926e-01
8.773514032363891602e-01
8.773893117904663086e-01
8.774202466011047363e-01
8.773650527000427246e-01
8.772759437561035156e-01
8.771679997444152832e-01
8.771196007728576660e-01
8.771306276321411133e-01
8.771455883979797363e-01
8.771587014198303223e-01
8.771115541458129883e-01
8.770491480827331543e-01
8.769429326057434082e-01
8.768771290779113770e-01
8.768481016159057617e-01
8.768412470817565918e-01
8.768130540847778320e-01
8.767781257629394531e-01
8.767315149307250977e-01
8.766843676567077637e-01
8.766315579414367676e-01
8.765808939933776855e-01
8.765519261360168457e-01
8.765299320220947266e-01
8.765273094177246094e-01
8.765572309494018555e-01
