1.016006946563720703e+00
1.015115499496459961e+00
1.014222741127014160e+00
1.013345360755920410e+00
1.012482762336730957e+00
1.011636257171630859e+00
1.010807752609252930e+00
1.009998440742492676e+00
1.009209871292114258e+00
1.008442640304565430e+00
1.007698893547058105e+00
1.006982684135437012e+00
1.006295323371887207e+00
1.005637288093566895e+00
1.005011081695556641e+00
1.004419565200805664e+00
1.003864526748657227e+00
1.003349423408508301e+00
1.002889513969421387e+00
1.002484440803527832e+00
1.002112150192260742e+00
1.001762628555297852e+00
1.001442432403564453e+00
1.001151323318481445e+00
1.000883102416992188e+00
1.000635862350463867e+00
1.000411510467529297e+00
1.000207185745239258e+00
1.000020623207092285e+00
9.998490810394287109e-01
9.996879100799560547e-01
9.995416998863220215e-01
9.993969202041625977e-01
9.992590546607971191e-01
9.991320967674255371e-01
9.990104436874389648e-01
9.988902211189270020e-01
9.987783432006835938e-01
9.986695647239685059e-01
9.985894560813903809e-01
9.984939098358154297e-01
9.983815550804138184e-01
9.982614517211914062e-01
9.981423020362854004e-01
9.980264306068420410e-01
9.979078173637390137e-01
9.977808594703674316e-01
9.976427555084228516e-01
9.974977970123291016e-01
9.973469972610473633e-01
9.971957802772521973e-01
9.970459342002868652e-01
9.968912601470947266e-01
9.967266321182250977e-01
9.965534210205078125e-01
9.963725805282592773e-01
9.961851239204406738e-01
9.959952831268310547e-01
9.958038330078125000e-01
9.956118464469909668e-01
9.954183101654052734e-01
9.952209591865539551e-01
9.950188994407653809e-01
9.948128461837768555e-01
9.946038126945495605e-01
9.943892359733581543e-01
9.941678047180175781e-01
9.939401149749755859e-01
9.937071800231933594e-01
9.934683442115783691e-01
9.932242035865783691e-01
9.929720759391784668e-01
9.927117228507995605e-01
9.924438595771789551e-01
9.921683073043823242e-01
9.918856024742126465e-01
9.915971755981445312e-01
9.913057088851928711e-01
9.910138845443725586e-01
9.907203316688537598e-01
9.904288053512573242e-01
9.901397824287414551e-01
9.898516535758972168e-01
9.895610213279724121e-01
9.892712235450744629e-01
9.889768958091735840e-01
9.886791110038757324e-01
9.883800148963928223e-01
9.880747199058532715e-01
9.877600669860839844e-01
9.874405264854431152e-01
9.871264100074768066e-01
9.868237972259521484e-01
9.865411520004272461e-01
9.862754344940185547e-01
9.860282540321350098e-01
9.857944250106811523e-01
9.855666160583496094e-01
9.853387475013732910e-01
9.851011037826538086e-01
9.848528504371643066e-01
9.845923185348510742e-01
9.843266606330871582e-01
9.840616583824157715e-01
9.838111400604248047e-01
9.835467338562011719e-01
9.832773804664611816e-01
9.830118417739868164e-01
9.827585816383361816e-01
9.825082421302795410e-01
9.822602868080139160e-01
9.820123910903930664e-01
9.817656278610229492e-01
9.815219640731811523e-01
9.812808036804199219e-01
9.810421466827392578e-01
9.808057546615600586e-01
9.805707335472106934e-01
9.803395271301269531e-01
9.801131486892700195e-01
9.798920750617980957e-01
9.796774387359619141e-01
9.794681072235107422e-01
9.792662858963012695e-01
9.790691733360290527e-01
9.788779020309448242e-01
9.786936044692993164e-01
9.785168766975402832e-01
9.783477187156677246e-01
9.781861305236816406e-01
9.780318737030029297e-01
9.778811931610107422e-01
9.777324199676513672e-01
9.775841236114501953e-01
9.774382114410400391e-01
9.772968292236328125e-01
9.771596789360046387e-01
9.770296216011047363e-01
9.769046306610107422e-01
9.767813682556152344e-01
9.766587615013122559e-01
9.765365123748779297e-01
9.764155745506286621e-01
9.762968420982360840e-01
9.761783480644226074e-01
9.760599732398986816e-01
9.759420156478881836e-01
9.758235216140747070e-01
9.757055640220642090e-01
9.755870103836059570e-01
9.754680991172790527e-01
9.753488898277282715e-01
9.752294421195983887e-01
9.751086831092834473e-01
9.749869704246520996e-01
9.748642444610595703e-01
9.747395515441894531e-01
9.746115207672119141e-01
9.744822382926940918e-01
9.743534326553344727e-01
9.742242097854614258e-01
9.740948081016540527e-01
9.739648699760437012e-01
9.738351702690124512e-01
9.737042784690856934e-01
9.735722541809082031e-01
9.734392762184143066e-01
9.733058810234069824e-01
9.731732606887817383e-01
9.730418920516967773e-01
9.729104638099670410e-01
9.727783203125000000e-01
9.726464748382568359e-01
9.725138545036315918e-01
9.723815917968750000e-01
9.722489714622497559e-01
9.721159934997558594e-01
9.719830751419067383e-01
9.718505740165710449e-01
9.717187881469726562e-01
9.715879559516906738e-01
9.714573621749877930e-01
9.713277220726013184e-01
9.711983203887939453e-01
9.710693955421447754e-01
9.709410071372985840e-01
9.708138108253479004e-01
9.706882834434509277e-01
9.705632925033569336e-01
9.704386591911315918e-01
9.703158140182495117e-01
9.701941609382629395e-01
9.700741767883300781e-01
9.699557423591613770e-01
9.698382616043090820e-01
9.697227478027343750e-01
9.696089029312133789e-01
9.694962501525878906e-01
9.693843722343444824e-01
9.692736268043518066e-01
9.691640138626098633e-01
9.690509438514709473e-01
9.689334630966186523e-01
9.688124060630798340e-01
9.686918258666992188e-01
9.685916304588317871e-01
9.684767127037048340e-01
9.683670997619628906e-01
9.682675600051879883e-01
9.681622982025146484e-01
9.680606126785278320e-01
9.679597616195678711e-01
9.678592085838317871e-01
9.677588939666748047e-01
9.676571488380432129e-01
9.675550460815429688e-01
9.674555659294128418e-01
9.673560857772827148e-01
9.672557711601257324e-01
9.671564102172851562e-01
9.670573472976684570e-01
9.669580459594726562e-01
9.668591618537902832e-01
9.667596220970153809e-01
9.666593670845031738e-01
9.665591120719909668e-01
9.664562344551086426e-01
9.663509726524353027e-01
9.662445783615112305e-01
9.661366939544677734e-01
9.660300016403198242e-01
9.659242630004882812e-01
9.658187627792358398e-01
9.657127261161804199e-01
9.656060338020324707e-01
9.654991030693054199e-01
9.653930068016052246e-01
9.652869105339050293e-01
9.651798009872436523e-01
9.650720357894897461e-01
9.649644494056701660e-01
9.648573398590087891e-01
9.647504687309265137e-01
9.646437168121337891e-01
9.645377993583679199e-01
9.644320011138916016e-01
9.643253684043884277e-01
9.642173051834106445e-01
9.641084671020507812e-01
9.639978408813476562e-01
9.638857841491699219e-01
9.637733101844787598e-01
9.636608958244323730e-01
9.635484218597412109e-01
9.634346961975097656e-01
9.633209705352783203e-01
9.632073044776916504e-01
9.630939364433288574e-01
9.629794359207153320e-01
9.628643989562988281e-01
9.627478122711181641e-01
9.626309871673583984e-01
9.625152349472045898e-01
9.623982906341552734e-01
9.622804522514343262e-01
9.621611833572387695e-01
9.620416760444641113e-01
9.619218707084655762e-01
9.618018865585327148e-01
9.616827368736267090e-01
9.615644216537475586e-01
9.614467620849609375e-01
9.613295197486877441e-01
9.612129926681518555e-01
9.610967040061950684e-01
9.609802365303039551e-01
9.608613848686218262e-01
9.607363343238830566e-01
9.606112241744995117e-01
9.604845046997070312e-01
9.603608250617980957e-01
9.602403640747070312e-01
9.601187109947204590e-01
9.599969983100891113e-01
9.598725438117980957e-01
9.597494602203369141e-01
9.596253633499145508e-01
9.594974517822265625e-01
9.593706727027893066e-01
9.592439532279968262e-01
9.591163396835327148e-01
9.589872956275939941e-01
9.588553905487060547e-01
9.587246179580688477e-01
9.586002826690673828e-01
9.584908485412597656e-01
9.583801627159118652e-01
9.582600593566894531e-01
9.581364393234252930e-01
9.580124020576477051e-01
9.578924775123596191e-01
9.577776789665222168e-01
9.576633572578430176e-01
9.575464725494384766e-01
9.574267864227294922e-01
9.573062658309936523e-01
9.571867585182189941e-01
9.570677280426025391e-01
9.569486975669860840e-01
9.568297863006591797e-01
9.567069411277770996e-01
9.565819501876831055e-01
9.564576148986816406e-01
9.563325643539428711e-01
9.562075734138488770e-01
9.560819864273071289e-01
9.559546113014221191e-01
9.558251500129699707e-01
9.556928873062133789e-01
9.555581212043762207e-01
9.554225802421569824e-01
9.552872180938720703e-01
9.551525712013244629e-01
9.550172090530395508e-01
9.548806548118591309e-01
9.547446966171264648e-01
9.546096324920654297e-01
9.544777274131774902e-01
9.543465375900268555e-01
9.542158842086791992e-01
9.540856480598449707e-01
9.539551734924316406e-01
9.538239836692810059e-01
9.536930322647094727e-01
9.535619020462036133e-01
9.534299373626708984e-01
9.532983303070068359e-01
9.531670808792114258e-01
9.530360698699951172e-01
9.529037475585937500e-01
9.527669548988342285e-01
9.526252150535583496e-01
9.524873495101928711e-01
9.523590803146362305e-01
9.522228837013244629e-01
9.520840048789978027e-01
9.519471526145935059e-01
9.518122673034667969e-01
9.516741633415222168e-01
9.515323042869567871e-01
9.513878226280212402e-01
9.512397646903991699e-01
9.510877728462219238e-01
9.509302973747253418e-01
9.507699012756347656e-01
9.506071805953979492e-01
9.504458904266357422e-01
9.502856135368347168e-01
9.501281976699829102e-01
9.499746561050415039e-01
9.498242735862731934e-01
9.496725797653198242e-01
9.495199918746948242e-01
9.493643045425415039e-01
9.492056369781494141e-01
9.490460157394409180e-01
9.488866329193115234e-01
9.487259984016418457e-01
9.485697150230407715e-01
9.484010934829711914e-01
9.482235312461853027e-01
9.480497837066650391e-01
9.478898048400878906e-01
9.477322697639465332e-01
9.475654959678649902e-01
9.473946094512939453e-01
9.472271800041198730e-01
9.470673799514770508e-01
9.469106197357177734e-01
9.467426538467407227e-01
9.465692639350891113e-01
9.463952779769897461e-01
9.462235569953918457e-01
9.460503458976745605e-01
9.458798766136169434e-01
9.457091689109802246e-01
9.455329775810241699e-01
9.453537464141845703e-01
9.451769590377807617e-01
9.449981451034545898e-01
9.448238611221313477e-01
9.446544647216796875e-01
9.444931149482727051e-01
9.443268179893493652e-01
9.441355466842651367e-01
9.439383745193481445e-01
9.437674283981323242e-01
9.436228275299072266e-01
9.434787034988403320e-01
9.432952404022216797e-01
9.430990219116210938e-01
9.429349303245544434e-01
9.427936673164367676e-01
9.426422715187072754e-01
9.424472451210021973e-01
9.422690868377685547e-01
9.421329498291015625e-01
9.419807195663452148e-01
9.418007731437683105e-01
9.416294097900390625e-01
9.414883852005004883e-01
9.413436651229858398e-01
9.411703348159790039e-01
9.410040974617004395e-01
9.408543705940246582e-01
9.407038092613220215e-01
9.405463933944702148e-01
9.403752088546752930e-01
9.402040839195251465e-01
9.400281906127929688e-01
9.398425817489624023e-01
9.396438598632812500e-01
9.394370913505554199e-01
9.392330646514892578e-01
9.390416741371154785e-01
9.388710260391235352e-01
9.387120008468627930e-01
9.385592341423034668e-01
9.384061694145202637e-01
9.382566809654235840e-01
9.381033182144165039e-01
9.379503130912780762e-01
9.377987980842590332e-01
9.376376271247863770e-01
9.374790787696838379e-01
9.373095631599426270e-01
9.371540546417236328e-01
9.370104074478149414e-01
9.368693828582763672e-01
9.367175698280334473e-01
9.365623593330383301e-01
9.363961815834045410e-01
9.362341165542602539e-01
9.360820651054382324e-01
9.359343647956848145e-01
9.357948899269104004e-01
9.356738328933715820e-01
9.355830550193786621e-01
9.355058073997497559e-01
9.353219270706176758e-01
9.350974559783935547e-01
9.349666237831115723e-01
9.348871111869812012e-01
9.347352981567382812e-01
9.345526099205017090e-01
9.344395399093627930e-01
9.343361854553222656e-01
9.341694116592407227e-01
9.340075254440307617e-01
9.339129924774169922e-01
9.337815046310424805e-01
9.336080551147460938e-01
9.334937930107116699e-01
9.333875775337219238e-01
9.332342147827148438e-01
9.330941438674926758e-01
9.329792261123657227e-01
9.328557252883911133e-01
9.327127337455749512e-01
9.325849413871765137e-01
9.324747920036315918e-01
9.323416948318481445e-01
9.321970343589782715e-01
9.320691823959350586e-01
9.319455623626708984e-01
9.318220615386962891e-01
9.316946268081665039e-01
9.315545558929443359e-01
9.314206838607788086e-01
9.312831759452819824e-01
9.311461448669433594e-01
9.310094118118286133e-01
9.308728575706481934e-01
9.307292699813842773e-01
9.305853247642517090e-01
9.304341077804565430e-01
9.302854537963867188e-01
9.301285743713378906e-01
9.299850463867187500e-01
9.298454523086547852e-01
9.297162294387817383e-01
9.295867681503295898e-01
9.294596314430236816e-01
9.293366074562072754e-01
9.292165637016296387e-01
9.290901422500610352e-01
9.289609193801879883e-01
9.288314580917358398e-01
9.287089109420776367e-01
9.285979866981506348e-01
9.285340309143066406e-01
9.285781979560852051e-01
9.286715984344482422e-01
9.284501075744628906e-01
9.280418753623962402e-01
9.280159473419189453e-01
9.280856847763061523e-01
9.278022646903991699e-01
9.276543855667114258e-01
9.276707768440246582e-01
9.275133609771728516e-01
9.273484349250793457e-01
9.273200631141662598e-01
9.272159934043884277e-01
9.270684123039245605e-01
9.270389676094055176e-01
9.269289970397949219e-01
9.267955422401428223e-01
9.268042445182800293e-01
9.266561865806579590e-01
9.265638589859008789e-01
9.265188574790954590e-01
9.263666272163391113e-01
9.263099431991577148e-01
9.262121915817260742e-01
9.261137843132019043e-01
9.260295629501342773e-01
9.259356856346130371e-01
9.258638024330139160e-01
9.257457256317138672e-01
9.256844520568847656e-01
9.255987405776977539e-01
9.254984855651855469e-01
9.254246354103088379e-01
9.253408312797546387e-01
9.252641797065734863e-01
9.251610636711120605e-01
9.250838160514831543e-01
9.250189661979675293e-01
9.249330163002014160e-01
9.248467683792114258e-01
9.247674942016601562e-01
9.247062802314758301e-01
9.246227741241455078e-01
9.245311617851257324e-01
9.244538545608520508e-01
9.243825674057006836e-01
9.243139028549194336e-01
9.242331385612487793e-01
9.241504073143005371e-01
9.240798950195312500e-01
9.240139722824096680e-01
9.239477515220642090e-01
9.238818883895874023e-01
9.238180518150329590e-01
9.237453937530517578e-01
9.236727952957153320e-01
9.235999584197998047e-01
9.235301017761230469e-01
9.234589934349060059e-01
9.233954548835754395e-01
9.233367443084716797e-01
9.232937097549438477e-01
9.232954978942871094e-01
9.233116507530212402e-01
9.232676029205322266e-01
9.231616854667663574e-01
9.229690432548522949e-01
9.228833317756652832e-01
9.229060411453247070e-01
9.228649735450744629e-01
9.227336049079895020e-01
9.226278066635131836e-01
9.225891828536987305e-01
9.225609898567199707e-01
9.224784374237060547e-01
9.223824739456176758e-01
9.222996830940246582e-01
9.222431182861328125e-01
9.222005605697631836e-01
9.221380949020385742e-01
9.220613837242126465e-01
9.219853281974792480e-01
9.219290018081665039e-01
9.218716621398925781e-01
9.218063354492187500e-01
9.217112660408020020e-01
9.216105341911315918e-01
9.215211272239685059e-01
9.214458465576171875e-01
9.213740825653076172e-01
9.213118553161621094e-01
9.212195277214050293e-01
9.211224913597106934e-01
9.210122823715209961e-01
9.209147691726684570e-01
9.208256006240844727e-01
9.207456707954406738e-01
9.206774830818176270e-01
9.206067919731140137e-01
9.205472469329833984e-01
9.204826951026916504e-01
9.204347729682922363e-01
9.203522205352783203e-01
9.202842116355895996e-01
9.201779961585998535e-01
9.200710058212280273e-01
9.199644327163696289e-01
9.198768734931945801e-01
9.198054671287536621e-01
9.197565913200378418e-01
9.197366237640380859e-01
9.197138547897338867e-01
9.196950793266296387e-01
9.195373058319091797e-01
9.193857908248901367e-01
9.193049073219299316e-01
9.192869663238525391e-01
9.192464351654052734e-01
9.191434383392333984e-01
9.190312623977661133e-01
9.189500808715820312e-01
9.188916087150573730e-01
9.188366532325744629e-01
9.187726974487304688e-01
9.186883568763732910e-01
9.185972213745117188e-01
9.185193777084350586e-01
9.184609055519104004e-01
9.184064865112304688e-01
9.183462858200073242e-01
9.182817935943603516e-01
9.182094335556030273e-01
9.181410074234008789e-01
9.180625677108764648e-01
9.179961085319519043e-01
9.179478287696838379e-01
9.179061651229858398e-01
9.178452491760253906e-01
9.177587628364562988e-01
9.176800251007080078e-01
9.175978899002075195e-01
9.175054430961608887e-01
9.174255728721618652e-01
9.173598289489746094e-01
9.173020124435424805e-01
9.172548055648803711e-01
9.171915054321289062e-01
9.171309471130371094e-01
9.170550704002380371e-01
9.169848561286926270e-01
9.168960452079772949e-01
9.168264865875244141e-01
9.167547225952148438e-01
9.167045354843139648e-01
9.166753888130187988e-01
9.166750311851501465e-01
9.166554808616638184e-01
9.166014790534973145e-01
9.164798259735107422e-01
9.163510799407958984e-01
9.162245392799377441e-01
9.161349534988403320e-01
9.160938858985900879e-01
9.160670638084411621e-01
9.160225987434387207e-01
9.159408211708068848e-01
9.158515334129333496e-01
9.157728552818298340e-01
9.156970977783203125e-01
9.156232476234436035e-01
9.155571460723876953e-01
9.155203700065612793e-01
9.155064821243286133e-01
9.155121445655822754e-01
9.154818058013916016e-01
9.154108166694641113e-01
9.152864813804626465e-01
9.151829481124877930e-01
9.150815010070800781e-01
9.150129556655883789e-01
9.149562120437622070e-01
9.149247407913208008e-01
9.148957729339599609e-01
9.148721098899841309e-01
9.148218631744384766e-01
9.147440791130065918e-01
9.146553874015808105e-01
9.145783185958862305e-01
9.144876599311828613e-01
9.144067764282226562e-01
9.143562912940979004e-01
9.143123030662536621e-01
9.142997860908508301e-01
9.142459630966186523e-01
9.142053127288818359e-01
9.141250848770141602e-01
9.140487313270568848e-01
9.139735102653503418e-01
9.139011502265930176e-01
9.138466715812683105e-01
9.137926697731018066e-01
9.137723445892333984e-01
9.137229323387145996e-01
9.136632680892944336e-01
9.135732650756835938e-01
9.134473204612731934e-01
9.133237004280090332e-01
9.132162332534790039e-01
9.131424427032470703e-01
9.130427837371826172e-01
9.129437208175659180e-01
9.128289222717285156e-01
9.127017855644226074e-01
9.125612974166870117e-01
9.123767614364624023e-01
9.122540354728698730e-01
9.121145606040954590e-01
9.120135307312011719e-01
9.118996858596801758e-01
9.118281006813049316e-01
9.117585420608520508e-01
9.117279648780822754e-01
9.116446375846862793e-01
9.115661978721618652e-01
9.115140438079833984e-01
9.114153385162353516e-01
9.112957715988159180e-01
9.111531376838684082e-01
9.110546708106994629e-01
9.109619259834289551e-01
9.109058380126953125e-01
9.108480811119079590e-01
9.108465313911437988e-01
9.108503460884094238e-01
9.108088612556457520e-01
9.107728004455566406e-01
9.106286168098449707e-01
9.104635715484619141e-01
9.103328585624694824e-01
9.102655649185180664e-01
9.102323651313781738e-01
9.102194309234619141e-01
9.102296233177185059e-01
9.102296829223632812e-01
9.101324081420898438e-01
9.099845290184020996e-01
9.098745584487915039e-01
9.098084568977355957e-01
9.098281264305114746e-01
9.097841978073120117e-01
9.097627997398376465e-01
9.096517562866210938e-01
9.095499515533447266e-01
9.094802141189575195e-01
9.093986749649047852e-01
9.093756079673767090e-01
9.093225598335266113e-01
9.092976450920104980e-01
9.092326760292053223e-01
9.091555476188659668e-01
9.091009497642517090e-01
9.090225100517272949e-01
9.089859127998352051e-01
9.089178442955017090e-01
9.088875651359558105e-01
9.088473320007324219e-01
9.088577032089233398e-01
9.088222384452819824e-01
9.087799787521362305e-01
9.087291359901428223e-01
9.086802005767822266e-01
9.085979461669921875e-01
9.084915518760681152e-01
9.084156751632690430e-01
9.083609580993652344e-01
9.083265662193298340e-01
9.082748293876647949e-01
9.082217216491699219e-01
9.081701636314392090e-01
9.081231951713562012e-01
9.080744385719299316e-01
9.080259203910827637e-01
9.079763293266296387e-01
9.079322814941406250e-01
9.078838825225830078e-01
9.078405499458312988e-01
9.077953100204467773e-01
9.077541828155517578e-01
9.077259302139282227e-01
9.076987504959106445e-01
9.076808691024780273e-01
9.076651930809020996e-01
9.076428413391113281e-01
9.076251387596130371e-01
9.076187610626220703e-01
9.075874686241149902e-01
9.075216054916381836e-01
9.073812961578369141e-01
9.072391986846923828e-01
9.072024226188659668e-01
9.072348475456237793e-01
9.072374105453491211e-01
9.071809053421020508e-01
9.070717692375183105e-01
9.069800972938537598e-01
9.069132804870605469e-01
9.068987965583801270e-01
9.068837761878967285e-01
9.068517088890075684e-01
9.068126678466796875e-01
9.067585468292236328e-01
9.067038893699645996e-01
9.066457152366638184e-01
9.065980911254882812e-01
9.065553545951843262e-01
9.065117239952087402e-01
9.064608812332153320e-01
9.064064621925354004e-01
9.063519239425659180e-01
9.063119292259216309e-01
9.062974452972412109e-01
9.063003659248352051e-01
9.063698053359985352e-01
9.064798355102539062e-01
9.067243337631225586e-01
9.069848656654357910e-01
9.068526625633239746e-01
9.063789248466491699e-01
9.059916138648986816e-01
9.060647487640380859e-01
9.062138199806213379e-01
9.060622453689575195e-01
9.058566093444824219e-01
9.059159159660339355e-01
9.060497879981994629e-01
9.059200882911682129e-01
9.057425856590270996e-01
9.056887030601501465e-01
9.057451486587524414e-01
9.057239890098571777e-01
9.055472016334533691e-01
9.055156707763671875e-01
9.055772423744201660e-01
9.055166840553283691e-01
9.054116606712341309e-01
9.053503870964050293e-01
9.053480625152587891e-01
9.053539037704467773e-01
9.052804708480834961e-01
9.051989316940307617e-01
9.051749706268310547e-01
9.051687717437744141e-01
9.051257371902465820e-01
9.050567746162414551e-01
9.050210118293762207e-01
9.050090909004211426e-01
9.049721956253051758e-01
9.049038290977478027e-01
9.048619866371154785e-01
9.048150181770324707e-01
9.047890305519104004e-01
9.047542810440063477e-01
9.047283530235290527e-01
9.046722650527954102e-01
9.046303629875183105e-01
9.045834541320800781e-01
9.045482277870178223e-01
9.045171141624450684e-01
9.044843912124633789e-01
9.044621586799621582e-01
9.044313430786132812e-01
9.044594168663024902e-01
9.044917225837707520e-01
9.044685959815979004e-01
9.044064283370971680e-01
9.043005704879760742e-01
9.042439460754394531e-01
9.042225480079650879e-01
9.041832089424133301e-01
9.041184782981872559e-01
9.040666222572326660e-01
9.040505886077880859e-01
9.040670394897460938e-01
9.040575623512268066e-01
9.040219783782958984e-01
9.039555191993713379e-01
9.038693904876708984e-01
9.037699103355407715e-01
9.037237763404846191e-01
9.037027359008789062e-01
9.036849141120910645e-01
9.036779999732971191e-01
9.036599993705749512e-01
9.036583304405212402e-01
9.036521315574645996e-01
9.036059975624084473e-01
9.035512208938598633e-01
9.034515619277954102e-01
9.033716320991516113e-01
9.033219814300537109e-01
9.032818675041198730e-01
9.032716751098632812e-01
9.032778739929199219e-01
9.032961726188659668e-01
9.033465981483459473e-01
9.033775329589843750e-01
9.033436775207519531e-01
9.032365083694458008e-01
9.030497074127197266e-01
9.029151201248168945e-01
9.028762578964233398e-01
9.029060006141662598e-01
9.029783010482788086e-01
9.029939174652099609e-01
9.028911590576171875e-01
9.027840495109558105e-01
9.027107357978820801e-01
9.026412963867187500e-01
9.025827050209045410e-01
9.025212526321411133e-01
9.024769663810729980e-01
9.024326801300048828e-01
9.024016261100769043e-01
9.023863077163696289e-01
9.023353457450866699e-01
9.022940397262573242e-01
9.022132754325866699e-01
9.021787643432617188e-01
9.021109938621520996e-01
9.020696878433227539e-01
9.019863605499267578e-01
9.019173383712768555e-01
9.018281102180480957e-01
9.017467498779296875e-01
9.016996026039123535e-01
9.016554355621337891e-01
9.016298651695251465e-01
9.015957713127136230e-01
9.015179872512817383e-01
9.014564752578735352e-01
9.013858437538146973e-01
9.013259410858154297e-01
9.012632369995117188e-01
9.012075662612915039e-01
9.011546373367309570e-01
9.011043906211853027e-01
9.010635018348693848e-01
9.010115861892700195e-01
9.009619951248168945e-01
9.009057283401489258e-01
9.008476734161376953e-01
9.007986783981323242e-01
9.007573723793029785e-01
9.007146358489990234e-01
9.006741642951965332e-01
9.006540775299072266e-01
9.006393551826477051e-01
9.007155299186706543e-01
9.009325504302978516e-01
9.014533758163452148e-01
9.021384716033935547e-01
9.019265174865722656e-01
9.010024666786193848e-01
9.004476666450500488e-01
9.008855819702148438e-01
9.010564684867858887e-01
9.004957675933837891e-01
9.001774191856384277e-01
9.004336595535278320e-01
9.005134701728820801e-01
9.001291990280151367e-01
8.999547958374023438e-01
9.001789093017578125e-01
9.001775979995727539e-01
8.998532891273498535e-01
8.998139500617980957e-01
8.999450206756591797e-01
8.998849987983703613e-01
8.996813297271728516e-01
8.996713757514953613e-01
8.997204899787902832e-01
8.996565937995910645e-01
8.995315432548522949e-01
8.994621038436889648e-01
8.994532823562622070e-01
8.994315862655639648e-01
8.993827700614929199e-01
8.993284702301025391e-01
8.992809653282165527e-01
8.992431759834289551e-01
8.992083072662353516e-01
8.991720080375671387e-01
8.991381525993347168e-01
8.991438150405883789e-01
8.991485238075256348e-01
8.991053104400634766e-01
8.990346789360046387e-01
8.989666104316711426e-01
8.989167213439941406e-01
