1.026460409164428711e+00
1.024380683898925781e+00
1.022370815277099609e+00
1.020442008972167969e+00
1.018617153167724609e+00
1.016911506652832031e+00
1.015335798263549805e+00
1.013926744461059570e+00
1.012673854827880859e+00
1.011517524719238281e+00
1.010453820228576660e+00
1.009477257728576660e+00
1.008578062057495117e+00
1.007755279541015625e+00
1.007015943527221680e+00
1.006334543228149414e+00
1.005697846412658691e+00
1.005113482475280762e+00
1.004573702812194824e+00
1.004069924354553223e+00
1.003602027893066406e+00
1.003163695335388184e+00
1.002749681472778320e+00
1.002358078956604004e+00
1.001991033554077148e+00
1.001652479171752930e+00
1.001341104507446289e+00
1.001058816909790039e+00
1.000804662704467773e+00
1.000575065612792969e+00
1.000365614891052246e+00
1.000172853469848633e+00
9.999921917915344238e-01
9.998210072517395020e-01
9.996563196182250977e-01
9.994965195655822754e-01
9.993404150009155273e-01
9.991870522499084473e-01
9.990351796150207520e-01
9.988836050033569336e-01
9.987316727638244629e-01
9.985781311988830566e-01
9.984220266342163086e-01
9.982632398605346680e-01
9.981003999710083008e-01
9.979317784309387207e-01
9.977571964263916016e-01
9.975760579109191895e-01
9.973868727684020996e-01
9.971901178359985352e-01
9.969866871833801270e-01
9.967747330665588379e-01
9.965532422065734863e-01
9.963228106498718262e-01
9.960833787918090820e-01
9.958329796791076660e-01
9.955726265907287598e-01
9.953033328056335449e-01
9.950245618820190430e-01
9.947379231452941895e-01
9.944430589675903320e-01
9.941424727439880371e-01
9.938387870788574219e-01
9.935324788093566895e-01
9.932247996330261230e-01
9.929177165031433105e-01
9.926135540008544922e-01
9.923098683357238770e-01
9.920087456703186035e-01
9.917125701904296875e-01
9.914204478263854980e-01
9.911330938339233398e-01
9.908499717712402344e-01
9.905681014060974121e-01
9.902893304824829102e-01
9.900132417678833008e-01
9.897446632385253906e-01
9.894863963127136230e-01
9.892389178276062012e-01
9.890011548995971680e-01
9.887748360633850098e-01
9.885602593421936035e-01
9.883567690849304199e-01
9.881646633148193359e-01
9.879833459854125977e-01
9.878123998641967773e-01
9.876494407653808594e-01
9.874910712242126465e-01
9.873350858688354492e-01
9.871803522109985352e-01
9.870235919952392578e-01
9.868642091751098633e-01
9.866992831230163574e-01
9.865307807922363281e-01
9.863644242286682129e-01
9.862034320831298828e-01
9.860466718673706055e-01
9.858930110931396484e-01
9.857426881790161133e-01
9.855996966361999512e-01
9.854626655578613281e-01
9.853291511535644531e-01
9.852004647254943848e-01
9.850742816925048828e-01
9.849477410316467285e-01
9.848206043243408203e-01
9.846927523612976074e-01
9.845660924911499023e-01
9.844391345977783203e-01
9.843119978904724121e-01
9.841846823692321777e-01
9.840572476387023926e-01
9.839307665824890137e-01
9.838048815727233887e-01
9.836798906326293945e-01
9.835562109947204590e-01
9.834326505661010742e-01
9.833105206489562988e-01
9.831907153129577637e-01
9.830730557441711426e-01
9.829587936401367188e-01
9.828461408615112305e-01
9.827349185943603516e-01
9.826247096061706543e-01
9.825146198272705078e-01
9.824046492576599121e-01
9.822943210601806641e-01
9.821839332580566406e-01
9.820737242698669434e-01
9.819640517234802246e-01
9.818547964096069336e-01
9.817459583282470703e-01
9.816372990608215332e-01
9.815289378166198730e-01
9.814214706420898438e-01
9.813143610954284668e-01
9.812075495719909668e-01
9.811008572578430176e-01
9.809946417808532715e-01
9.808889031410217285e-01
9.807834625244140625e-01
9.806782603263854980e-01
9.805734157562255859e-01
9.804693460464477539e-01
9.803657531738281250e-01
9.802625775337219238e-01
9.801607728004455566e-01
9.800592660903930664e-01
9.799582958221435547e-01
9.798586368560791016e-01
9.797601699829101562e-01
9.796629548072814941e-01
9.795668125152587891e-01
9.794716238975524902e-01
9.793768525123596191e-01
9.792820215225219727e-01
9.791867733001708984e-01
9.790912866592407227e-01
9.789957404136657715e-01
9.789003729820251465e-01
9.788053035736083984e-01
9.787103533744812012e-01
9.786154031753540039e-01
9.785203337669372559e-01
9.784251451492309570e-01
9.783300161361694336e-01
9.782351255416870117e-01
9.781402349472045898e-01
9.780448079109191895e-01
9.779485464096069336e-01
9.778518080711364746e-01
9.777548313140869141e-01
9.776573777198791504e-01
9.775592088699340820e-01
9.774601459503173828e-01
9.773603081703186035e-01
9.772598147392272949e-01
9.771584868431091309e-01
9.770566225051879883e-01
9.769544005393981934e-01
9.768521189689636230e-01
9.767491221427917480e-01
9.766456484794616699e-01
9.765411019325256348e-01
9.764358401298522949e-01
9.763301014900207520e-01
9.762235283851623535e-01
9.761157631874084473e-01
9.760073423385620117e-01
9.758996963500976562e-01
9.757919311523437500e-01
9.756830334663391113e-01
9.755733013153076172e-01
9.754618406295776367e-01
9.753483533859252930e-01
9.752345085144042969e-01
9.751210808753967285e-01
9.750061631202697754e-01
9.748877286911010742e-01
9.747674465179443359e-01
9.746456742286682129e-01
9.745210409164428711e-01
9.743928313255310059e-01
9.742602109909057617e-01
9.741243720054626465e-01
9.739851951599121094e-01
9.738414287567138672e-01
9.736920595169067383e-01
9.735389351844787598e-01
9.733870625495910645e-01
9.732378125190734863e-01
9.730915427207946777e-01
9.729505181312561035e-01
9.728146791458129883e-01
9.726797342300415039e-01
9.725427031517028809e-01
9.723995923995971680e-01
9.722527861595153809e-01
9.721024036407470703e-01
9.719473719596862793e-01
9.717901349067687988e-01
9.716378450393676758e-01
9.714859127998352051e-01
9.713369011878967285e-01
9.711870551109313965e-01
9.710350632667541504e-01
9.708817005157470703e-01
9.707261323928833008e-01
9.705686569213867188e-01
9.704099297523498535e-01
9.702479243278503418e-01
9.700827598571777344e-01
9.699169993400573730e-01
9.697499275207519531e-01
9.695799350738525391e-01
9.694050550460815430e-01
9.692239761352539062e-01
9.690358638763427734e-01
9.688409566879272461e-01
9.686381816864013672e-01
9.684303998947143555e-01
9.682195186614990234e-01
9.680097103118896484e-01
9.678000211715698242e-01
9.675909280776977539e-01
9.673823118209838867e-01
9.671810269355773926e-01
9.669799804687500000e-01
9.667741656303405762e-01
9.665654897689819336e-01
9.663555622100830078e-01
9.661445021629333496e-01
9.659330844879150391e-01
9.657206535339355469e-01
9.655069708824157715e-01
9.652921557426452637e-01
9.650755524635314941e-01
9.648580551147460938e-01
9.646392464637756348e-01
9.644210338592529297e-01
9.642029404640197754e-01
9.639840722084045410e-01
9.637649655342102051e-01
9.635459780693054199e-01
9.633285999298095703e-01
9.631132483482360840e-01
9.628967046737670898e-01
9.626807570457458496e-01
9.624645709991455078e-01
9.622490406036376953e-01
9.620338678359985352e-01
9.618202447891235352e-01
9.616070389747619629e-01
9.613941311836242676e-01
9.611808061599731445e-01
9.609669446945190430e-01
9.607518911361694336e-01
9.605363011360168457e-01
9.603201746940612793e-01
9.601026773452758789e-01
9.598844647407531738e-01
9.596644043922424316e-01
9.594423174858093262e-01
9.592171311378479004e-01
9.589886069297790527e-01
9.587594270706176758e-01
9.585291743278503418e-01
9.582971334457397461e-01
9.580610394477844238e-01
9.578211903572082520e-01
9.575748443603515625e-01
9.573268294334411621e-01
9.570772051811218262e-01
9.568290710449218750e-01
9.565774202346801758e-01
9.563179016113281250e-01
9.560482501983642578e-01
9.557594060897827148e-01
9.554601311683654785e-01
9.551394581794738770e-01
9.548043012619018555e-01
9.544362425804138184e-01
9.539557099342346191e-01
9.533063173294067383e-01
9.525195956230163574e-01
9.516125917434692383e-01
9.507443904876708984e-01
9.500193595886230469e-01
9.494962096214294434e-01
9.491044282913208008e-01
9.487387537956237793e-01
9.483102560043334961e-01
9.477965831756591797e-01
9.472272992134094238e-01
9.466489553451538086e-01
9.460909962654113770e-01
9.455683231353759766e-01
9.450829625129699707e-01
9.446325898170471191e-01
9.441936612129211426e-01
9.437723159790039062e-01
9.433760046958923340e-01
9.429829120635986328e-01
9.425874948501586914e-01
9.421800374984741211e-01
9.417606592178344727e-01
9.413418769836425781e-01
9.409357309341430664e-01
9.405410885810852051e-01
9.401469230651855469e-01
9.397571682929992676e-01
9.393687248229980469e-01
9.389876127243041992e-01
9.386243224143981934e-01
9.382716417312622070e-01
9.379273056983947754e-01
9.375886917114257812e-01
9.372507929801940918e-01
9.369124770164489746e-01
9.365722537040710449e-01
9.362322688102722168e-01
9.358942508697509766e-01
9.355630278587341309e-01
9.352358579635620117e-01
9.349115490913391113e-01
9.345862269401550293e-01
9.342574477195739746e-01
9.339305758476257324e-01
9.336082935333251953e-01
9.332903623580932617e-01
9.329715371131896973e-01
9.326558113098144531e-01
9.323422908782958984e-01
9.320288300514221191e-01
9.317179918289184570e-01
9.314088225364685059e-01
9.310984015464782715e-01
9.307907223701477051e-01
9.304859638214111328e-01
9.301842451095581055e-01
9.298858642578125000e-01
9.295895099639892578e-01
9.292938709259033203e-01
9.289997220039367676e-01
9.287014603614807129e-01
9.283983707427978516e-01
9.280950427055358887e-01
9.277914762496948242e-01
9.274892807006835938e-01
9.271927475929260254e-01
9.269047975540161133e-01
9.266232252120971680e-01
9.263279438018798828e-01
9.260202646255493164e-01
9.257233738899230957e-01
9.254487156867980957e-01
9.251852631568908691e-01
9.249139428138732910e-01
9.246177673339843750e-01
9.243454933166503906e-01
9.240950345993041992e-01
9.238366484642028809e-01
9.235588908195495605e-01
9.232935309410095215e-01
9.230480194091796875e-01
9.227951169013977051e-01
9.225220680236816406e-01
9.222600460052490234e-01
9.220137596130371094e-01
9.217709302902221680e-01
9.215015769004821777e-01
9.212478995323181152e-01
9.210047721862792969e-01
9.207547903060913086e-01
9.204941987991333008e-01
9.202358126640319824e-01
9.199934601783752441e-01
9.197431802749633789e-01
9.194849133491516113e-01
9.192349314689636230e-01
9.189922809600830078e-01
9.187400341033935547e-01
9.184868931770324707e-01
9.182376861572265625e-01
9.179991483688354492e-01
9.177671670913696289e-01
9.175361394882202148e-01
9.173059463500976562e-01
9.170665144920349121e-01
9.168243408203125000e-01
9.165915846824645996e-01
9.163689017295837402e-01
9.161503911018371582e-01
9.159334897994995117e-01
9.157290458679199219e-01
9.155290722846984863e-01
9.153137803077697754e-01
9.150829911231994629e-01
9.148330092430114746e-01
9.146032333374023438e-01
9.143950343132019043e-01
9.141922593116760254e-01
9.139834642410278320e-01
9.137549996376037598e-01
9.135326147079467773e-01
9.133213758468627930e-01
9.131219387054443359e-01
9.129385352134704590e-01
9.127315878868103027e-01
9.124976396560668945e-01
9.122720956802368164e-01
9.120739698410034180e-01
9.118845462799072266e-01
9.116985797882080078e-01
9.114934206008911133e-01
9.112799763679504395e-01
9.110621213912963867e-01
9.108521938323974609e-01
9.106626510620117188e-01
9.104893803596496582e-01
9.103124141693115234e-01
9.101325869560241699e-01
9.099302291870117188e-01
9.097290635108947754e-01
9.095512628555297852e-01
9.093832373619079590e-01
9.092059731483459473e-01
9.090219140052795410e-01
9.088357090950012207e-01
9.086547493934631348e-01
9.084854722023010254e-01
9.083151817321777344e-01
9.081423878669738770e-01
9.079638123512268066e-01
9.077814221382141113e-01
9.076032042503356934e-01
9.074304699897766113e-01
9.072584509849548340e-01
9.070910811424255371e-01
9.069265723228454590e-01
9.067670106887817383e-01
9.066063761711120605e-01
9.064500331878662109e-01
9.062912464141845703e-01
9.061387181282043457e-01
9.059814214706420898e-01
9.058339595794677734e-01
9.056818485260009766e-01
9.055344462394714355e-01
9.053800702095031738e-01
9.052168130874633789e-01
9.050545692443847656e-01
9.049021005630493164e-01
9.047528505325317383e-01
9.046065211296081543e-01
9.044615030288696289e-01
9.043194651603698730e-01
9.041795134544372559e-01
9.040478467941284180e-01
9.039353728294372559e-01
9.038163423538208008e-01
9.036824703216552734e-01
9.035138487815856934e-01
9.033325314521789551e-01
9.031736850738525391e-01
9.030461907386779785e-01
9.029378890991210938e-01
9.028229713439941406e-01
9.027003645896911621e-01
9.025477766990661621e-01
9.023735523223876953e-01
9.022070169448852539e-01
9.020617008209228516e-01
9.019338488578796387e-01
9.018132686614990234e-01
9.016919136047363281e-01
9.015728831291198730e-01
9.014460444450378418e-01
9.013037085533142090e-01
9.011558294296264648e-01
9.009963274002075195e-01
9.008469581604003906e-01
9.007047414779663086e-01
9.005690217018127441e-01
9.004428386688232422e-01
9.003230333328247070e-01
9.002155661582946777e-01
9.001132845878601074e-01
9.000187516212463379e-01
8.998708128929138184e-01
8.997032642364501953e-01
8.995414972305297852e-01
8.994114398956298828e-01
8.993182182312011719e-01
8.992477059364318848e-01
8.991432189941406250e-01
8.990010619163513184e-01
8.988376259803771973e-01
8.987105488777160645e-01
8.986176252365112305e-01
8.985365629196166992e-01
8.984318971633911133e-01
8.982967734336853027e-01
8.981612920761108398e-01
8.980256319046020508e-01
8.979138731956481934e-01
8.978102207183837891e-01
8.977041840553283691e-01
8.975899219512939453e-01
8.974635601043701172e-01
8.973322510719299316e-01
8.971996903419494629e-01
8.970775604248046875e-01
8.969638347625732422e-01
8.968590497970581055e-01
8.967592120170593262e-01
8.966690301895141602e-01
8.965501189231872559e-01
8.964098691940307617e-01
8.962595462799072266e-01
8.961138725280761719e-01
8.959773778915405273e-01
8.958611488342285156e-01
8.957481384277343750e-01
8.956422209739685059e-01
8.955327272415161133e-01
8.954173326492309570e-01
8.953086137771606445e-01
8.951895833015441895e-01
8.950740694999694824e-01
8.949561119079589844e-01
8.948404788970947266e-01
8.947350978851318359e-01
8.946379423141479492e-01
8.945474624633789062e-01
8.944674730300903320e-01
8.944227099418640137e-01
8.943876624107360840e-01
8.944122195243835449e-01
8.943395614624023438e-01
8.941724896430969238e-01
8.939119577407836914e-01
8.937805294990539551e-01
8.937757015228271484e-01
8.937549591064453125e-01
8.936077952384948730e-01
8.934313654899597168e-01
8.933345079421997070e-01
8.933048248291015625e-01
8.932447433471679688e-01
8.931291699409484863e-01
8.929941654205322266e-01
8.929135799407958984e-01
8.928759098052978516e-01
8.928009271621704102e-01
8.927074074745178223e-01
8.925935029983520508e-01
8.925122022628784180e-01
8.924566507339477539e-01
8.924016952514648438e-01
8.923316597938537598e-01
8.922324776649475098e-01
8.921384811401367188e-01
8.920575976371765137e-01
8.919990062713623047e-01
8.919420242309570312e-01
8.918631076812744141e-01
8.917763233184814453e-01
8.916904926300048828e-01
8.916136622428894043e-01
8.915342688560485840e-01
8.914643526077270508e-01
8.913921713829040527e-01
8.913201689720153809e-01
8.912513256072998047e-01
8.911792635917663574e-01
8.911066055297851562e-01
8.910307884216308594e-01
8.909583091735839844e-01
8.908841013908386230e-01
8.908125758171081543e-01
8.907402157783508301e-01
8.906689882278442383e-01
8.905981779098510742e-01
8.905252218246459961e-01
8.904546499252319336e-01
8.903835415840148926e-01
8.903176188468933105e-01
8.902576565742492676e-01
8.902373313903808594e-01
8.903064727783203125e-01
8.904033899307250977e-01
8.905144929885864258e-01
8.902498483657836914e-01
8.899075388908386230e-01
8.897738456726074219e-01
8.898931145668029785e-01
8.899585604667663574e-01
8.897105455398559570e-01
8.895086646080017090e-01
8.896073698997497559e-01
8.896211385726928711e-01
8.894231915473937988e-01
8.892698287963867188e-01
8.892772793769836426e-01
8.892594575881958008e-01
8.891105055809020996e-01
8.889949917793273926e-01
8.890087008476257324e-01
8.889614939689636230e-01
8.888399004936218262e-01
8.887573480606079102e-01
8.887229561805725098e-01
8.886793255805969238e-01
8.885827660560607910e-01
8.885119557380676270e-01
8.884902596473693848e-01
8.884330391883850098e-01
8.883359432220458984e-01
8.882632255554199219e-01
8.882201313972473145e-01
8.881725668907165527e-01
8.880870938301086426e-01
8.880150318145751953e-01
8.879671096801757812e-01
8.879337310791015625e-01
8.878737092018127441e-01
8.877888917922973633e-01
8.877139687538146973e-01
8.876677155494689941e-01
8.876339197158813477e-01
8.875598311424255371e-01
8.874806165695190430e-01
8.874111771583557129e-01
8.873612880706787109e-01
8.873054981231689453e-01
8.872444629669189453e-01
8.871735334396362305e-01
8.871091604232788086e-01
8.870500922203063965e-01
8.869925737380981445e-01
8.869326710700988770e-01
8.868656754493713379e-01
8.868061900138854980e-01
8.867436051368713379e-01
8.866952657699584961e-01
8.866437077522277832e-01
8.865820169448852539e-01
8.865225315093994141e-01
8.864505887031555176e-01
8.863982558250427246e-01
8.863324522972106934e-01
8.862764835357666016e-01
8.862172365188598633e-01
8.861546516418457031e-01
8.860994577407836914e-01
8.860420584678649902e-01
8.859891295433044434e-01
8.859425783157348633e-01
8.859063982963562012e-01
8.858729600906372070e-01
8.858439922332763672e-01
8.858250379562377930e-01
8.857823014259338379e-01
8.857247829437255859e-01
8.856084942817687988e-01
8.854920268058776855e-01
8.854086995124816895e-01
8.853585124015808105e-01
8.853015899658203125e-01
8.852586746215820312e-01
8.851861953735351562e-01
8.851268887519836426e-01
8.850544095039367676e-01
8.849977850914001465e-01
8.849304914474487305e-01
8.848722577095031738e-01
8.848111033439636230e-01
8.847501873970031738e-01
8.846903443336486816e-01
8.846369385719299316e-01
8.845820426940917969e-01
8.845400214195251465e-01
8.845144510269165039e-01
8.845365643501281738e-01
8.845778703689575195e-01
8.846555948257446289e-01
8.845913410186767578e-01
8.844076395034790039e-01
8.841685652732849121e-01
8.840560913085937500e-01
8.841017484664916992e-01
8.841372132301330566e-01
8.840741515159606934e-01
8.838999867439270020e-01
8.837748765945434570e-01
8.837624788284301758e-01
8.837498426437377930e-01
8.837258815765380859e-01
8.836021423339843750e-01
8.835092186927795410e-01
8.834513425827026367e-01
8.834308385848999023e-01
8.833755254745483398e-01
8.832795023918151855e-01
8.832251429557800293e-01
8.831779956817626953e-01
8.831822872161865234e-01
8.831101059913635254e-01
8.830366730690002441e-01
8.829265236854553223e-01
8.828808665275573730e-01
8.828167915344238281e-01
8.827626109123229980e-01
8.827133178710937500e-01
8.826456665992736816e-01
8.825956583023071289e-01
8.825241923332214355e-01
8.824831247329711914e-01
8.824387788772583008e-01
8.823794126510620117e-01
8.823336362838745117e-01
8.822540640830993652e-01
8.821933269500732422e-01
8.821309804916381836e-01
8.820756673812866211e-01
8.820276260375976562e-01
8.819789290428161621e-01
8.819237351417541504e-01
8.818725347518920898e-01
8.818262815475463867e-01
8.817836046218872070e-01
8.817334175109863281e-01
8.816868066787719727e-01
8.816536068916320801e-01
8.815852403640747070e-01
8.815141916275024414e-01
8.814338445663452148e-01
8.813777565956115723e-01
8.813061118125915527e-01
8.812876343727111816e-01
8.812760114669799805e-01
8.812707066535949707e-01
8.812208771705627441e-01
8.811157941818237305e-01
8.810501098632812500e-01
8.809230327606201172e-01
8.809387683868408203e-01
8.809422850608825684e-01
8.809555172920227051e-01
8.809332847595214844e-01
8.808082342147827148e-01
8.807357549667358398e-01
8.805518746376037598e-01
8.806107640266418457e-01
8.806095719337463379e-01
8.806225061416625977e-01
8.804908394813537598e-01
8.803144097328186035e-01
8.802883028984069824e-01
8.801887631416320801e-01
8.802180886268615723e-01
8.801080584526062012e-01
8.800542354583740234e-01
8.799569606781005859e-01
8.798995614051818848e-01
8.798704147338867188e-01
8.798158168792724609e-01
8.798045516014099121e-01
8.797352313995361328e-01
8.797178268432617188e-01
8.796362280845642090e-01
8.795980811119079590e-01
8.795465826988220215e-01
8.795230984687805176e-01
8.794810175895690918e-01
8.794588446617126465e-01
8.793889284133911133e-01
8.793177008628845215e-01
8.792012333869934082e-01
8.791014552116394043e-01
8.790226578712463379e-01
8.789547681808471680e-01
8.788813948631286621e-01
8.788222670555114746e-01
8.787611126899719238e-01
8.787130713462829590e-01
8.786839246749877930e-01
8.786921501159667969e-01
8.787333369255065918e-01
8.786969780921936035e-01
8.786740899085998535e-01
8.785052299499511719e-01
8.783797621726989746e-01
8.782707452774047852e-01
8.782048821449279785e-01
8.781654834747314453e-01
8.781456351280212402e-01
8.781494498252868652e-01
8.781267404556274414e-01
8.780965209007263184e-01
8.779927492141723633e-01
8.779124021530151367e-01
8.777984380722045898e-01
8.777012228965759277e-01
8.776327371597290039e-01
8.775913715362548828e-01
8.775724172592163086e-01
8.775654435157775879e-01
8.775755167007446289e-01
8.775345683097839355e-01
8.774666786193847656e-01
8.773185014724731445e-01
8.771985173225402832e-01
8.770890831947326660e-01
8.770512938499450684e-01
8.770607113838195801e-01
8.770794868469238281e-01
8.770480155944824219e-01
8.769186735153198242e-01
8.767776489257812500e-01
8.766359686851501465e-01
8.765612244606018066e-01
8.765242695808410645e-01
8.764871954917907715e-01
8.764355778694152832e-01
8.763591647148132324e-01
8.762239217758178711e-01
8.760603666305541992e-01
8.759051561355590820e-01
8.757801055908203125e-01
8.757109045982360840e-01
8.758010864257812500e-01
8.763011693954467773e-01
8.782210350036621094e-01
8.777790665626525879e-01
8.767246603965759277e-01
8.748560547828674316e-01
8.759009838104248047e-01
8.769049048423767090e-01
8.748362660408020020e-01
8.752002120018005371e-01
8.761343359947204590e-01
8.744934797286987305e-01
8.750044107437133789e-01
8.756531476974487305e-01
8.740828037261962891e-01
8.750528097152709961e-01
8.749464750289916992e-01
8.738958835601806641e-01
8.750474452972412109e-01
8.741191029548645020e-01
8.740022182464599609e-01
8.745775818824768066e-01
8.736056089401245117e-01
8.740370273590087891e-01
8.738413453102111816e-01
8.734044432640075684e-01
8.738135695457458496e-01
8.732451200485229492e-01
8.734242916107177734e-01
8.733724355697631836e-01
8.730311989784240723e-01
8.733064532279968262e-01
8.729498386383056641e-01
8.729209899902343750e-01
8.729497790336608887e-01
8.726723194122314453e-01
8.727601170539855957e-01
8.726167082786560059e-01
8.724962472915649414e-01
8.725242018699645996e-01
8.723457455635070801e-01
8.723526597023010254e-01
8.722689747810363770e-01
8.721540570259094238e-01
8.721594214439392090e-01
8.720309734344482422e-01
8.719822168350219727e-01
8.719522356986999512e-01
8.718302845954895020e-01
8.717907667160034180e-01
8.717394471168518066e-01
8.716326355934143066e-01
8.716064095497131348e-01
8.715334534645080566e-01
8.714545369148254395e-01
8.714186549186706543e-01
8.713446259498596191e-01
8.712768554687500000e-01
8.712338805198669434e-01
8.711640834808349609e-01
8.710954189300537109e-01
8.710438013076782227e-01
8.709777593612670898e-01
8.709133863449096680e-01
8.708578348159790039e-01
8.707950711250305176e-01
8.707342147827148438e-01
8.706774711608886719e-01
8.706151247024536133e-01
8.705523014068603516e-01
8.704944252967834473e-01
8.704394698143005371e-01
8.703798651695251465e-01
8.703175783157348633e-01
8.702622056007385254e-01
8.702071905136108398e-01
8.701458573341369629e-01
8.700851798057556152e-01
8.700283765792846680e-01
8.699650764465332031e-01
8.698951005935668945e-01
8.698282837867736816e-01
8.697692751884460449e-01
8.697019219398498535e-01
8.696286678314208984e-01
8.695610761642456055e-01
8.694956302642822266e-01
8.694281578063964844e-01
8.693630099296569824e-01
8.692896962165832520e-01
8.692259788513183594e-01
8.691603541374206543e-01
8.690887689590454102e-01
8.690238595008850098e-01
8.689547777175903320e-01
8.688906431198120117e-01
8.688226938247680664e-01
8.687545061111450195e-01
8.686905503273010254e-01
8.686246871948242188e-01
8.685512542724609375e-01
8.684818148612976074e-01
8.684204220771789551e-01
8.683636784553527832e-01
8.682931661605834961e-01
8.682271242141723633e-01
8.681522011756896973e-01
8.680856227874755859e-01
8.680233359336853027e-01
8.679624795913696289e-01
8.679051995277404785e-01
8.678452372550964355e-01
8.677909374237060547e-01
8.677373528480529785e-01
8.676849007606506348e-01
8.676276206970214844e-01
8.675743937492370605e-01
8.675203323364257812e-01
8.674602508544921875e-01
8.673991560935974121e-01
8.673469424247741699e-01
8.672964572906494141e-01
8.672425746917724609e-01
8.671890497207641602e-01
8.671410679817199707e-01
8.670928478240966797e-01
8.670490384101867676e-01
8.669950962066650391e-01
8.669480085372924805e-01
8.668865561485290527e-01
8.668265342712402344e-01
8.667892217636108398e-01
8.667386770248413086e-01
8.666960597038269043e-01
8.666701316833496094e-01
8.666060566902160645e-01
8.665456175804138184e-01
8.664910197257995605e-01
8.664335608482360840e-01
8.663935065269470215e-01
8.663430809974670410e-01
8.662918210029602051e-01
8.662501573562622070e-01
8.661964535713195801e-01
8.661556839942932129e-01
8.661041259765625000e-01
8.660529851913452148e-01
8.660144805908203125e-01
