1.098133206367492676e+00
1.091987609863281250e+00
1.086153864860534668e+00
1.080662369728088379e+00
1.075541734695434570e+00
1.070739030838012695e+00
1.066224098205566406e+00
1.061976432800292969e+00
1.057982802391052246e+00
1.054248332977294922e+00
1.050768971443176270e+00
1.047483682632446289e+00
1.044383406639099121e+00
1.041461110115051270e+00
1.038713693618774414e+00
1.036129713058471680e+00
1.033694982528686523e+00
1.031401157379150391e+00
1.029243707656860352e+00
1.027215003967285156e+00
1.025309205055236816e+00
1.023519396781921387e+00
1.021838545799255371e+00
1.020260810852050781e+00
1.018779873847961426e+00
1.017390727996826172e+00
1.016088724136352539e+00
1.014869809150695801e+00
1.013728976249694824e+00
1.012662291526794434e+00
1.011665344238281250e+00
1.010734796524047852e+00
1.009866595268249512e+00
1.009057760238647461e+00
1.008304476737976074e+00
1.007604122161865234e+00
1.006953358650207520e+00
1.006349444389343262e+00
1.005788922309875488e+00
1.005269527435302734e+00
1.004789113998413086e+00
1.004345774650573730e+00
1.003939747810363770e+00
1.003571748733520508e+00
1.003233313560485840e+00
1.002918958663940430e+00
1.002629280090332031e+00
1.002363443374633789e+00
1.002115845680236816e+00
1.001883149147033691e+00
1.001658320426940918e+00
1.001422882080078125e+00
1.001183629035949707e+00
1.000941872596740723e+00
1.000701785087585449e+00
1.000472664833068848e+00
1.000262141227722168e+00
1.000066280364990234e+00
9.998917579650878906e-01
9.997380971908569336e-01
9.996041059494018555e-01
9.994887113571166992e-01
9.993894100189208984e-01
9.993045330047607422e-01
9.992311596870422363e-01
9.991661310195922852e-01
9.991061091423034668e-01
9.990487694740295410e-01
9.989917278289794922e-01
9.989339709281921387e-01
9.988740086555480957e-01
9.988117218017578125e-01
9.987473487854003906e-01
9.986810088157653809e-01
9.986133575439453125e-01
9.985443949699401855e-01
9.984743595123291016e-01
9.984030723571777344e-01
9.983307123184204102e-01
9.982566833496093750e-01
9.981806874275207520e-01
9.981020092964172363e-01
9.980201721191406250e-01
9.979350566864013672e-01
9.978466033935546875e-01
9.977546334266662598e-01
9.976589679718017578e-01
9.975602030754089355e-01
9.974581003189086914e-01
9.973531365394592285e-01
9.972456693649291992e-01
9.971351623535156250e-01
9.970219731330871582e-01
9.969047307968139648e-01
9.967817664146423340e-01
9.966515898704528809e-01
9.965146183967590332e-01
9.963753223419189453e-01
9.962351918220520020e-01
9.960887432098388672e-01
9.959387183189392090e-01
9.957861304283142090e-01
9.956314563751220703e-01
9.954760074615478516e-01
9.953215122222900391e-01
9.951667785644531250e-01
9.950098991394042969e-01
9.948490858078002930e-01
9.946839213371276855e-01
9.945147037506103516e-01
9.943420886993408203e-01
9.941647648811340332e-01
9.939831495285034180e-01
9.937976002693176270e-01
9.936101436614990234e-01
9.934135675430297852e-01
9.932054281234741211e-01
9.929830431938171387e-01
9.927394986152648926e-01
9.924863576889038086e-01
9.922199845314025879e-01
9.919365644454956055e-01
9.916334748268127441e-01
9.913107752799987793e-01
9.909837245941162109e-01
9.906598329544067383e-01
9.903532862663269043e-01
9.900556802749633789e-01
9.897620081901550293e-01
9.894633889198303223e-01
9.891554117202758789e-01
9.888338446617126465e-01
9.884977936744689941e-01
9.881530404090881348e-01
9.877998828887939453e-01
9.874406456947326660e-01
9.870742559432983398e-01
9.867005348205566406e-01
9.863197207450866699e-01
9.859341979026794434e-01
9.855437278747558594e-01
9.851515293121337891e-01
9.847584962844848633e-01
9.843638539314270020e-01
9.839693307876586914e-01
9.835728406906127930e-01
9.831742048263549805e-01
9.827767014503479004e-01
9.823806285858154297e-01
9.819942712783813477e-01
9.816166758537292480e-01
9.812480211257934570e-01
9.808902740478515625e-01
9.805424809455871582e-01
9.802106618881225586e-01
9.798864126205444336e-01
9.795690774917602539e-01
9.792565703392028809e-01
9.789490699768066406e-01
9.786494374275207520e-01
9.783565998077392578e-01
9.780682921409606934e-01
9.777827858924865723e-01
9.775018095970153809e-01
9.772254228591918945e-01
9.769560694694519043e-01
9.766908288002014160e-01
9.764286279678344727e-01
9.761693477630615234e-01
9.759134054183959961e-01
9.756591916084289551e-01
9.754076600074768066e-01
9.751575589179992676e-01
9.749075770378112793e-01
9.746596217155456543e-01
9.744161367416381836e-01
9.741762876510620117e-01
9.739382266998291016e-01
9.737029075622558594e-01
9.734715223312377930e-01
9.732407927513122559e-01
9.730116724967956543e-01
9.727824330329895020e-01
9.725527763366699219e-01
9.723237156867980957e-01
9.720938801765441895e-01
9.718604087829589844e-01
9.716267585754394531e-01
9.713938236236572266e-01
9.711603522300720215e-01
9.709299206733703613e-01
9.707000851631164551e-01
9.704676866531372070e-01
9.702345728874206543e-01
9.700005054473876953e-01
9.697654843330383301e-01
9.695306420326232910e-01
9.692945480346679688e-01
9.690567851066589355e-01
9.688178896903991699e-01
9.685772657394409180e-01
9.683364629745483398e-01
9.680960774421691895e-01
9.678555727005004883e-01
9.676139950752258301e-01
9.673705101013183594e-01
9.671248197555541992e-01
9.668789505958557129e-01
9.666334390640258789e-01
9.663880467414855957e-01
9.661405086517333984e-01
9.658930897712707520e-01
9.656434059143066406e-01
9.653943777084350586e-01
9.651457667350769043e-01
9.648975133895874023e-01
9.646503925323486328e-01
9.644025564193725586e-01
9.641557335853576660e-01
9.639120101928710938e-01
9.636677503585815430e-01
9.634259939193725586e-01
9.631854891777038574e-01
9.629440307617187500e-01
9.627028703689575195e-01
9.624611735343933105e-01
9.622163772583007812e-01
9.619716405868530273e-01
9.617243409156799316e-01
9.614756107330322266e-01
9.612271785736083984e-01
9.609801173210144043e-01
9.607358574867248535e-01
9.604918956756591797e-01
9.602488875389099121e-01
9.600068330764770508e-01
9.597646594047546387e-01
9.595223069190979004e-01
9.592801332473754883e-01
9.590403437614440918e-01
9.588038325309753418e-01
9.585718512535095215e-01
9.583400487899780273e-01
9.581108689308166504e-01
9.578815698623657227e-01
9.576563239097595215e-01
9.574327468872070312e-01
9.572090506553649902e-01
9.569852948188781738e-01
9.567632675170898438e-01
9.565411806106567383e-01
9.563193321228027344e-01
9.560987949371337891e-01
9.558774828910827637e-01
9.556573033332824707e-01
9.554378390312194824e-01
9.552224874496459961e-01
9.550085067749023438e-01
9.547997713088989258e-01
9.545923471450805664e-01
9.543901085853576660e-01
9.541896581649780273e-01
9.539927244186401367e-01
9.537959098815917969e-01
9.536008238792419434e-01
9.534079432487487793e-01
9.532160758972167969e-01
9.530270099639892578e-01
9.528378248214721680e-01
9.526526927947998047e-01
9.524661302566528320e-01
9.522768259048461914e-01
9.520854353904724121e-01
9.518944621086120605e-01
9.517080187797546387e-01
9.515275955200195312e-01
9.513500928878784180e-01
9.511787295341491699e-01
9.510077834129333496e-01
9.508361220359802246e-01
9.506624341011047363e-01
9.504880309104919434e-01
9.503131508827209473e-01
9.501399397850036621e-01
9.499688744544982910e-01
9.498015642166137695e-01
9.496364593505859375e-01
9.494731426239013672e-01
9.493119716644287109e-01
9.491517543792724609e-01
9.489920139312744141e-01
9.488338232040405273e-01
9.486771225929260254e-01
9.485247135162353516e-01
9.483746290206909180e-01
9.482265114784240723e-01
9.480805397033691406e-01
9.479360580444335938e-01
9.477919936180114746e-01
9.476480484008789062e-01
9.475052356719970703e-01
9.473646283149719238e-01
9.472238421440124512e-01
9.470857381820678711e-01
9.469456076622009277e-01
9.468026161193847656e-01
9.466594457626342773e-01
9.465159773826599121e-01
9.463740587234497070e-01
9.462326169013977051e-01
9.460915923118591309e-01
9.459524154663085938e-01
9.458141326904296875e-01
9.456790685653686523e-01
9.455451965332031250e-01
9.454118609428405762e-01
9.452813863754272461e-01
9.451526999473571777e-01
9.450257420539855957e-01
9.448984265327453613e-01
9.447731375694274902e-01
9.446493983268737793e-01
9.445267319679260254e-01
9.444049000740051270e-01
9.442857503890991211e-01
9.441691040992736816e-01
9.440518021583557129e-01
9.439340829849243164e-01
9.438176751136779785e-01
9.437050223350524902e-01
9.435937404632568359e-01
9.434851408004760742e-01
9.433714747428894043e-01
9.432554841041564941e-01
9.431434273719787598e-01
9.430441856384277344e-01
9.429467320442199707e-01
9.428390860557556152e-01
9.427236318588256836e-01
9.426231980323791504e-01
9.425274729728698730e-01
9.424205422401428223e-01
9.423173666000366211e-01
9.422203898429870605e-01
9.421232342720031738e-01
9.420232772827148438e-01
9.419257640838623047e-01
9.418293237686157227e-01
9.417337179183959961e-01
9.416380524635314941e-01
9.415428638458251953e-01
9.414485692977905273e-01
9.413531422615051270e-01
9.412609934806823730e-01
9.411674141883850098e-01
9.410866498947143555e-01
9.409745335578918457e-01
9.408707022666931152e-01
9.407801032066345215e-01
9.406880140304565430e-01
9.405922293663024902e-01
9.404931664466857910e-01
9.404004216194152832e-01
9.403095841407775879e-01
9.402177333831787109e-01
9.401232004165649414e-01
9.400280117988586426e-01
9.399350285530090332e-01
9.398450255393981934e-01
9.397618174552917480e-01
9.396877288818359375e-01
9.395983815193176270e-01
9.394981265068054199e-01
9.393934607505798340e-01
9.393166899681091309e-01
9.392339587211608887e-01
9.391266703605651855e-01
9.390337467193603516e-01
9.389625191688537598e-01
9.388592839241027832e-01
9.387528300285339355e-01
9.386560320854187012e-01
9.385682940483093262e-01
9.384694099426269531e-01
9.383671283721923828e-01
9.382716417312622070e-01
9.381842017173767090e-01
9.380846619606018066e-01
9.379783272743225098e-01
9.378792047500610352e-01
9.377861618995666504e-01
9.376892447471618652e-01
9.375880956649780273e-01
9.374851584434509277e-01
9.373846650123596191e-01
9.372871518135070801e-01
9.371860623359680176e-01
9.370836615562438965e-01
9.369802474975585938e-01
9.368773102760314941e-01
9.367750883102416992e-01
9.366717338562011719e-01
9.365679621696472168e-01
9.364634156227111816e-01
9.363588094711303711e-01
9.362543821334838867e-01
9.361513257026672363e-01
9.360486865043640137e-01
9.359388947486877441e-01
9.358301162719726562e-01
9.357191324234008789e-01
9.356079101562500000e-01
9.354979991912841797e-01
9.353902935981750488e-01
9.352838993072509766e-01
9.351777434349060059e-01
9.350750446319580078e-01
9.349872469902038574e-01
9.348974823951721191e-01
9.347998499870300293e-01
9.346699714660644531e-01
9.345409870147705078e-01
9.344387650489807129e-01
9.343546628952026367e-01
9.342833757400512695e-01
9.341552257537841797e-01
9.340285062789916992e-01
9.339292049407958984e-01
9.338397979736328125e-01
9.337405562400817871e-01
9.336240887641906738e-01
9.335238337516784668e-01
9.334313869476318359e-01
9.333435893058776855e-01
9.332391023635864258e-01
9.331303834915161133e-01
9.330257177352905273e-01
9.329240918159484863e-01
9.328325390815734863e-01
9.327443242073059082e-01
9.326546192169189453e-01
9.325647354125976562e-01
9.324618577957153320e-01
9.323632717132568359e-01
9.322646856307983398e-01
9.321783185005187988e-01
9.320944547653198242e-01
9.320056438446044922e-01
9.319122433662414551e-01
9.318136572837829590e-01
9.317224025726318359e-01
9.316294789314270020e-01
9.315403699874877930e-01
9.314501285552978516e-01
9.313632845878601074e-01
9.312766194343566895e-01
9.311948418617248535e-01
9.311075806617736816e-01
9.310228228569030762e-01
9.309302568435668945e-01
9.308380484580993652e-01
9.307437539100646973e-01
9.306520223617553711e-01
9.305656552314758301e-01
9.304800033569335938e-01
9.303951263427734375e-01
9.303011894226074219e-01
9.302127957344055176e-01
9.301275014877319336e-01
9.300419092178344727e-01
9.299684762954711914e-01
9.298883676528930664e-01
9.298379421234130859e-01
9.297752976417541504e-01
9.296951293945312500e-01
9.295657277107238770e-01
9.294398427009582520e-01
9.293456077575683594e-01
9.292834997177124023e-01
9.292436838150024414e-01
9.291458725929260254e-01
9.290220737457275391e-01
9.289085268974304199e-01
9.288505911827087402e-01
9.287875294685363770e-01
9.286850094795227051e-01
9.285694360733032227e-01
9.284876585006713867e-01
9.284210205078125000e-01
9.283347725868225098e-01
9.282299280166625977e-01
9.281421899795532227e-01
9.280754923820495605e-01
9.279847741127014160e-01
9.278840422630310059e-01
9.278057813644409180e-01
9.277313351631164551e-01
9.276376366615295410e-01
9.275414943695068359e-01
9.274702072143554688e-01
9.273828864097595215e-01
9.272930622100830078e-01
9.272092580795288086e-01
9.271314144134521484e-01
9.270451664924621582e-01
9.269554018974304199e-01
9.268728494644165039e-01
9.267887473106384277e-01
9.267107844352722168e-01
9.266229271888732910e-01
9.265395998954772949e-01
9.264574646949768066e-01
9.263747930526733398e-01
9.262952804565429688e-01
9.262135624885559082e-01
9.261337518692016602e-01
9.260521531105041504e-01
9.259743094444274902e-01
9.258949160575866699e-01
9.258213639259338379e-01
9.257452487945556641e-01
9.256637096405029297e-01
9.255803823471069336e-01
9.255039095878601074e-01
9.254232048988342285e-01
9.253551959991455078e-01
9.252808690071105957e-01
9.252171516418457031e-01
9.251508116722106934e-01
9.250811934471130371e-01
9.249688982963562012e-01
9.248487949371337891e-01
9.247308373451232910e-01
9.246330261230468750e-01
9.245406389236450195e-01
9.244506359100341797e-01
9.243610501289367676e-01
9.242697954177856445e-01
9.241866469383239746e-01
9.241181015968322754e-01
9.240402579307556152e-01
9.239622950553894043e-01
9.238449335098266602e-01
9.237139821052551270e-01
9.235961437225341797e-01
9.235100746154785156e-01
9.234479665756225586e-01
9.233606457710266113e-01
9.232631921768188477e-01
9.231368303298950195e-01
9.230390787124633789e-01
9.229548573493957520e-01
9.228634238243103027e-01
9.227708578109741211e-01
9.226640462875366211e-01
9.225633144378662109e-01
9.224455952644348145e-01
9.223372936248779297e-01
9.222406148910522461e-01
9.221478700637817383e-01
9.220589399337768555e-01
9.219703674316406250e-01
9.219000339508056641e-01
9.217897057533264160e-01
9.216764569282531738e-01
9.215611219406127930e-01
9.214522838592529297e-01
9.213386774063110352e-01
9.212344884872436523e-01
9.211455583572387695e-01
9.210646748542785645e-01
9.209875464439392090e-01
9.209038019180297852e-01
9.207914471626281738e-01
9.206643104553222656e-01
9.205349087715148926e-01
9.204297661781311035e-01
9.203520417213439941e-01
9.202967286109924316e-01
9.202359914779663086e-01
9.200907945632934570e-01
9.199475049972534180e-01
9.198350310325622559e-01
9.197401404380798340e-01
9.196611046791076660e-01
9.196003079414367676e-01
9.195213913917541504e-01
9.193975329399108887e-01
9.192668199539184570e-01
9.191321134567260742e-01
9.190152287483215332e-01
9.189100861549377441e-01
9.188250899314880371e-01
9.187577962875366211e-01
9.186597466468811035e-01
9.185239672660827637e-01
9.183838963508605957e-01
9.182663559913635254e-01
9.181714057922363281e-01
9.180670380592346191e-01
9.179494976997375488e-01
9.178152084350585938e-01
9.176723957061767578e-01
9.175539612770080566e-01
9.174544811248779297e-01
9.173557162284851074e-01
9.172325730323791504e-01
9.170975089073181152e-01
9.169713258743286133e-01
9.168450236320495605e-01
9.167348742485046387e-01
9.166230559349060059e-01
9.165070056915283203e-01
9.164054393768310547e-01
9.162989854812622070e-01
9.161806106567382812e-01
9.160716533660888672e-01
9.159672260284423828e-01
9.158621430397033691e-01
9.157612323760986328e-01
9.156633615493774414e-01
9.155595898628234863e-01
9.154634475708007812e-01
9.153782725334167480e-01
9.153357148170471191e-01
9.154028892517089844e-01
9.155952930450439453e-01
9.157459139823913574e-01
9.150683283805847168e-01
9.148049354553222656e-01
9.151316881179809570e-01
9.149120450019836426e-01
9.144986271858215332e-01
9.145773053169250488e-01
9.145610928535461426e-01
9.142845273017883301e-01
9.142113327980041504e-01
9.142279028892517090e-01
9.140818715095520020e-01
9.139115810394287109e-01
9.139747619628906250e-01
9.138970375061035156e-01
9.136781096458435059e-01
9.137258529663085938e-01
9.137023091316223145e-01
9.134531617164611816e-01
9.134760499000549316e-01
9.135068058967590332e-01
9.132124185562133789e-01
9.132388830184936523e-01
9.132468104362487793e-01
9.129891991615295410e-01
9.130062460899353027e-01
9.130282402038574219e-01
9.127666354179382324e-01
9.128077030181884766e-01
9.128110408782958984e-01
9.125447869300842285e-01
9.126308560371398926e-01
9.125747084617614746e-01
9.123265147209167480e-01
9.124431014060974121e-01
9.123767614364624023e-01
9.120985269546508789e-01
9.122925400733947754e-01
9.121508598327636719e-01
9.119008779525756836e-01
9.121575951576232910e-01
9.119181632995605469e-01
9.117279648780822754e-01
9.119413495063781738e-01
9.116283655166625977e-01
9.115630388259887695e-01
9.116561412811279297e-01
9.113748669624328613e-01
9.113704562187194824e-01
9.113670587539672852e-01
9.111511111259460449e-01
9.111781120300292969e-01
9.111084342002868652e-01
9.109663367271423340e-01
9.109644889831542969e-01
9.108938574790954590e-01
9.107866883277893066e-01
9.107636213302612305e-01
9.107066988945007324e-01
9.106110334396362305e-01
9.105748534202575684e-01
9.105232357978820801e-01
9.104402661323547363e-01
9.103922247886657715e-01
9.103433489799499512e-01
9.102666974067687988e-01
9.102283120155334473e-01
9.101744294166564941e-01
9.100956320762634277e-01
9.100705981254577637e-01
9.100169539451599121e-01
9.099277853965759277e-01
9.098882675170898438e-01
9.098458290100097656e-01
9.097623229026794434e-01
9.097133278846740723e-01
9.096781015396118164e-01
9.096016287803649902e-01
9.095387458801269531e-01
9.095019698143005371e-01
9.094470739364624023e-01
9.093763828277587891e-01
9.093163013458251953e-01
9.092674851417541504e-01
9.092226028442382812e-01
9.091600179672241211e-01
9.090934395790100098e-01
9.090343713760375977e-01
9.089832901954650879e-01
9.089333415031433105e-01
9.088756442070007324e-01
9.088156819343566895e-01
9.087575674057006836e-01
9.087021350860595703e-01
9.086498618125915527e-01
9.085956811904907227e-01
9.085385203361511230e-01
9.084819555282592773e-01
9.084276556968688965e-01
9.083732962608337402e-01
9.083184599876403809e-01
9.082640409469604492e-01
9.082103371620178223e-01
9.081564545631408691e-01
9.081025719642639160e-01
9.080491065979003906e-01
9.079960584640502930e-01
9.079436659812927246e-01
9.078977704048156738e-01
9.078572988510131836e-01
9.078115224838256836e-01
9.077771902084350586e-01
9.077199697494506836e-01
9.076679348945617676e-01
9.075960516929626465e-01
9.075291752815246582e-01
9.074739217758178711e-01
9.074276685714721680e-01
9.073865413665771484e-01
9.073374867439270020e-01
9.072896242141723633e-01
9.072328209877014160e-01
9.071831107139587402e-01
9.071264863014221191e-01
9.070733189582824707e-01
9.070232510566711426e-01
9.069755077362060547e-01
9.069234728813171387e-01
9.068745970726013184e-01
9.068258404731750488e-01
9.067773818969726562e-01
9.067310094833374023e-01
9.066886305809020996e-01
9.066373109817504883e-01
9.065921306610107422e-01
9.065449833869934082e-01
9.065019488334655762e-01
9.064633846282958984e-01
9.064253568649291992e-01
9.063797593116760254e-01
9.063380360603332520e-01
9.062787294387817383e-01
9.062157869338989258e-01
9.061605930328369141e-01
9.061111211776733398e-01
9.060634970664978027e-01
9.060221314430236816e-01
9.059776067733764648e-01
9.059264659881591797e-01
9.058694243431091309e-01
9.058113694190979004e-01
9.057564735412597656e-01
9.057056307792663574e-01
9.056569337844848633e-01
9.056164622306823730e-01
9.056091904640197754e-01
9.056665897369384766e-01
9.057729244232177734e-01
9.059767127037048340e-01
9.058196544647216797e-01
9.055934548377990723e-01
9.052931070327758789e-01
9.052392244338989258e-01
9.053851366043090820e-01
9.054585695266723633e-01
9.053163528442382812e-01
9.050762653350830078e-01
9.049884676933288574e-01
9.050475358963012695e-01
9.051034450531005859e-01
9.050542712211608887e-01
9.048778414726257324e-01
9.047565460205078125e-01
9.047664999961853027e-01
9.048051834106445312e-01
9.048016071319580078e-01
9.046719670295715332e-01
9.045364856719970703e-01
9.045164585113525391e-01
9.045729041099548340e-01
9.045436382293701172e-01
9.044084548950195312e-01
9.043059945106506348e-01
9.043259024620056152e-01
9.043622016906738281e-01
9.042686223983764648e-01
9.041518568992614746e-01
9.040970802307128906e-01
9.041007757186889648e-01
9.040818810462951660e-01
9.039951562881469727e-01
9.039136767387390137e-01
9.038935303688049316e-01
9.038746356964111328e-01
9.038095474243164062e-01
9.037458300590515137e-01
9.037180542945861816e-01
9.037069082260131836e-01
9.036626219749450684e-01
9.035946726799011230e-01
9.035312533378601074e-01
9.034897089004516602e-01
9.034610390663146973e-01
9.034193754196166992e-01
9.033613801002502441e-01
9.033204317092895508e-01
9.032853245735168457e-01
9.032526612281799316e-01
9.031996130943298340e-01
9.031479954719543457e-01
9.031099677085876465e-01
9.030794501304626465e-01
9.030436277389526367e-01
9.029926657676696777e-01
9.029405713081359863e-01
9.028909802436828613e-01
9.028597474098205566e-01
9.028441309928894043e-01
9.028221964836120605e-01
9.027919769287109375e-01
9.027791619300842285e-01
9.027569890022277832e-01
9.027451276779174805e-01
9.027096033096313477e-01
9.026828408241271973e-01
9.026426076889038086e-01
9.026027321815490723e-01
9.025284051895141602e-01
9.024514555931091309e-01
9.023672938346862793e-01
9.023039340972900391e-01
9.022682309150695801e-01
9.022576808929443359e-01
9.022625684738159180e-01
9.022967219352722168e-01
9.023405909538269043e-01
9.023883342742919922e-01
9.023845195770263672e-01
9.022790789604187012e-01
9.020985364913940430e-01
9.019557833671569824e-01
9.019212126731872559e-01
9.019843339920043945e-01
9.020484685897827148e-01
9.019793272018432617e-01
9.018716812133789062e-01
9.017682671546936035e-01
9.017064571380615234e-01
9.016927480697631836e-01
9.016609191894531250e-01
9.016427993774414062e-01
9.015883207321166992e-01
9.015413522720336914e-01
9.015199542045593262e-01
9.014996886253356934e-01
9.015208482742309570e-01
9.015260934829711914e-01
9.015045762062072754e-01
9.014443755149841309e-01
9.013505578041076660e-01
9.012933373451232910e-01
9.012687206268310547e-01
9.012826085090637207e-01
9.012887477874755859e-01
9.012992382049560547e-01
9.012534618377685547e-01
9.011671543121337891e-01
9.010871052742004395e-01
9.010493159294128418e-01
9.010453224182128906e-01
9.010363221168518066e-01
9.010452032089233398e-01
9.010000228881835938e-01
9.009330272674560547e-01
9.008719325065612793e-01
9.008690714836120605e-01
9.009307622909545898e-01
9.010009169578552246e-01
9.010227322578430176e-01
9.010202884674072266e-01
9.008972644805908203e-01
9.007494449615478516e-01
9.006453156471252441e-01
9.006209373474121094e-01
9.006241559982299805e-01
9.006208777427673340e-01
9.005858302116394043e-01
9.005115032196044922e-01
9.004696607589721680e-01
9.004819989204406738e-01
9.004856944084167480e-01
9.004669189453125000e-01
9.003908038139343262e-01
9.003309607505798340e-01
9.003251791000366211e-01
9.003477096557617188e-01
9.003643393516540527e-01
9.003213047981262207e-01
9.002480506896972656e-01
9.001797437667846680e-01
9.001557230949401855e-01
9.001711606979370117e-01
9.001762270927429199e-01
9.001446366310119629e-01
9.000773429870605469e-01
9.000081419944763184e-01
8.999943137168884277e-01
9.000133275985717773e-01
9.000185728073120117e-01
8.999593257904052734e-01
8.998860716819763184e-01
8.998550772666931152e-01
8.998773694038391113e-01
8.998839259147644043e-01
8.998576998710632324e-01
8.998026251792907715e-01
8.997327089309692383e-01
8.996915221214294434e-01
8.996753096580505371e-01
8.996626734733581543e-01
8.996227979660034180e-01
8.995878696441650391e-01
8.995546102523803711e-01
8.995390534400939941e-01
8.995179533958435059e-01
8.994823098182678223e-01
8.994560241699218750e-01
8.994237184524536133e-01
8.993906974792480469e-01
8.993670344352722168e-01
8.993403911590576172e-01
8.993123769760131836e-01
8.992921710014343262e-01
8.992758393287658691e-01
8.992518186569213867e-01
8.992367386817932129e-01
8.991985917091369629e-01
8.991701602935791016e-01
8.991367220878601074e-01
8.991048932075500488e-01
8.990709781646728516e-01
8.990482687950134277e-01
8.990209102630615234e-01
8.990000486373901367e-01
8.990049362182617188e-01
8.990059494972229004e-01
8.990300893783569336e-01
8.990026116371154785e-01
8.989757299423217773e-01
8.989813923835754395e-01
8.989349007606506348e-01
8.989171385765075684e-01
8.988654017448425293e-01
8.987715244293212891e-01
8.987192511558532715e-01
8.986693024635314941e-01
8.986845612525939941e-01
8.987900018692016602e-01
8.989977836608886719e-01
8.990467190742492676e-01
8.991425633430480957e-01
8.987320661544799805e-01
8.985126018524169922e-01
8.985212445259094238e-01
8.987109661102294922e-01
8.989765644073486328e-01
8.985759615898132324e-01
8.984068632125854492e-01
8.985151648521423340e-01
8.986407518386840820e-01
8.985365033149719238e-01
8.983011841773986816e-01
8.983030915260314941e-01
