1.027770280838012695e+00
1.026571154594421387e+00
1.025428056716918945e+00
1.024338126182556152e+00
1.023306488990783691e+00
1.022322535514831543e+00
1.021382451057434082e+00
1.020485997200012207e+00
1.019637703895568848e+00
1.018841862678527832e+00
1.018084406852722168e+00
1.017391204833984375e+00
1.016752600669860840e+00
1.016153812408447266e+00
1.015586614608764648e+00
1.015041351318359375e+00
1.014516949653625488e+00
1.014016032218933105e+00
1.013534545898437500e+00
1.013068199157714844e+00
1.012611627578735352e+00
1.012168407440185547e+00
1.011740565299987793e+00
1.011326551437377930e+00
1.010924816131591797e+00
1.010528922080993652e+00
1.010140776634216309e+00
1.009762644767761230e+00
1.009393930435180664e+00
1.009033441543579102e+00
1.008680701255798340e+00
1.008335709571838379e+00
1.007999181747436523e+00
1.007670760154724121e+00
1.007350206375122070e+00
1.007037162780761719e+00
1.006731390953063965e+00
1.006431698799133301e+00
1.006137728691101074e+00
1.005850791931152344e+00
1.005570054054260254e+00
1.005295395851135254e+00
1.005026340484619141e+00
1.004762291908264160e+00
1.004502892494201660e+00
1.004248380661010742e+00
1.003999114036560059e+00
1.003754496574401855e+00
1.003514885902404785e+00
1.003280520439147949e+00
1.003047108650207520e+00
1.002820014953613281e+00
1.002599358558654785e+00
1.002389669418334961e+00
1.002187609672546387e+00
1.001994967460632324e+00
1.001810669898986816e+00
1.001634716987609863e+00
1.001463532447814941e+00
1.001296877861022949e+00
1.001133918762207031e+00
1.000974535942077637e+00
1.000819802284240723e+00
1.000669121742248535e+00
1.000522613525390625e+00
1.000380039215087891e+00
1.000241398811340332e+00
1.000107645988464355e+00
9.999772310256958008e-01
9.998503327369689941e-01
9.997263550758361816e-01
9.996065497398376465e-01
9.994902610778808594e-01
9.993771910667419434e-01
9.992665052413940430e-01
9.991587996482849121e-01
9.990548491477966309e-01
9.989547729492187500e-01
9.988586306571960449e-01
9.987661242485046387e-01
9.986764192581176758e-01
9.985898733139038086e-01
9.985060691833496094e-01
9.984251856803894043e-01
9.983461499214172363e-01
9.982694983482360840e-01
9.981951713562011719e-01
9.981227517127990723e-01
9.980524778366088867e-01
9.979838132858276367e-01
9.979168772697448730e-01
9.978520274162292480e-01
9.977884888648986816e-01
9.977254867553710938e-01
9.976631999015808105e-01
9.976010918617248535e-01
9.975394606590270996e-01
9.974780678749084473e-01
9.974166154861450195e-01
9.973554015159606934e-01
9.972945451736450195e-01
9.972342252731323242e-01
9.971739053726196289e-01
9.971136450767517090e-01
9.970533847808837891e-01
9.969932436943054199e-01
9.969332218170166016e-01
9.968734383583068848e-01
9.968138933181762695e-01
9.967545270919799805e-01
9.966952204704284668e-01
9.966363310813903809e-01
9.965776801109313965e-01
9.965193867683410645e-01
9.964615702629089355e-01
9.964040517807006836e-01
9.963468909263610840e-01
9.962897300720214844e-01
9.962326288223266602e-01
9.961757063865661621e-01
9.961189627647399902e-01
9.960620403289794922e-01
9.960049390792846680e-01
9.959481358528137207e-01
9.958912134170532227e-01
9.958343505859375000e-01
9.957772493362426758e-01
9.957197308540344238e-01
9.956618547439575195e-01
9.956029653549194336e-01
9.955435395240783691e-01
9.954825639724731445e-01
9.954195022583007812e-01
9.953542351722717285e-01
9.952870607376098633e-01
9.952168464660644531e-01
9.951434731483459473e-01
9.950677156448364258e-01
9.949918985366821289e-01
9.949150085449218750e-01
9.948368072509765625e-01
9.947565197944641113e-01
9.946709871292114258e-01
9.945833086967468262e-01
9.944945573806762695e-01
9.944038987159729004e-01
9.943113923072814941e-01
9.942183494567871094e-01
9.941250681877136230e-01
9.940285682678222656e-01
9.939327239990234375e-01
9.938364624977111816e-01
9.937398433685302734e-01
9.936422109603881836e-01
9.935429692268371582e-01
9.934427142143249512e-01
9.933415055274963379e-01
9.932363629341125488e-01
9.931299090385437012e-01
9.930266737937927246e-01
9.929311871528625488e-01
9.928354620933532715e-01
9.927402734756469727e-01
9.926471710205078125e-01
9.925548434257507324e-01
9.924628138542175293e-01
9.923723340034484863e-01
9.922841191291809082e-01
9.921974539756774902e-01
9.921122789382934570e-01
9.920192956924438477e-01
9.919325113296508789e-01
9.918497800827026367e-01
9.917664527893066406e-01
9.916880130767822266e-01
9.916085004806518555e-01
9.915304780006408691e-01
9.914528131484985352e-01
9.913747310638427734e-01
9.912997484207153320e-01
9.912256002426147461e-01
9.911523461341857910e-01
9.910818338394165039e-01
9.910119771957397461e-01
9.909430742263793945e-01
9.908766746520996094e-01
9.908114075660705566e-01
9.907468557357788086e-01
9.906844496726989746e-01
9.906236529350280762e-01
9.905635714530944824e-01
9.905046820640563965e-01
9.904477596282958984e-01
9.903924465179443359e-01
9.903385639190673828e-01
9.902862310409545898e-01
9.902359247207641602e-01
9.901872277259826660e-01
9.901399016380310059e-01
9.900936484336853027e-01
9.900486469268798828e-01
9.900046586990356445e-01
9.899610280990600586e-01
9.899179935455322266e-01
9.898754358291625977e-01
9.898335933685302734e-01
9.897919893264770508e-01
9.897507429122924805e-01
9.897097349166870117e-01
9.896690845489501953e-01
9.896283745765686035e-01
9.895868301391601562e-01
9.895425438880920410e-01
9.894917607307434082e-01
9.894249439239501953e-01
9.893362522125244141e-01
9.892268180847167969e-01
9.891149997711181641e-01
9.890206456184387207e-01
9.889545440673828125e-01
9.889202713966369629e-01
9.888997673988342285e-01
9.888707995414733887e-01
9.888251423835754395e-01
9.887630343437194824e-01
9.886925816535949707e-01
9.886239767074584961e-01
9.885640740394592285e-01
9.885158538818359375e-01
9.884749054908752441e-01
9.884347915649414062e-01
9.883906841278076172e-01
9.883415102958679199e-01
9.882905483245849609e-01
9.882405400276184082e-01
9.881934523582458496e-01
9.881466031074523926e-01
9.881008863449096680e-01
9.880557060241699219e-01
9.880093336105346680e-01
9.879615306854248047e-01
9.879097938537597656e-01
9.878574013710021973e-01
9.878051280975341797e-01
9.877507686614990234e-01
9.876967668533325195e-01
9.876438975334167480e-01
9.875932931900024414e-01
9.875422716140747070e-01
9.874913692474365234e-01
9.874406456947326660e-01
9.873889088630676270e-01
9.873374700546264648e-01
9.872863888740539551e-01
9.872370958328247070e-01
9.871891736984252930e-01
9.871416687965393066e-01
9.870930314064025879e-01
9.870428442955017090e-01
9.869918227195739746e-01
9.869407415390014648e-01
9.868898987770080566e-01
9.868388772010803223e-01
9.867873787879943848e-01
9.867343902587890625e-01
9.866825342178344727e-01
9.866307973861694336e-01
9.865791797637939453e-01
9.865266680717468262e-01
9.864737391471862793e-01
9.864210486412048340e-01
9.863682985305786133e-01
9.863143563270568848e-01
9.862588644027709961e-01
9.862000942230224609e-01
9.861395359039306641e-01
9.860779643058776855e-01
9.860137701034545898e-01
9.859465956687927246e-01
9.858711957931518555e-01
9.857895970344543457e-01
9.857040643692016602e-01
9.856119155883789062e-01
9.855151772499084473e-01
9.854205250740051270e-01
9.853352308273315430e-01
9.852462410926818848e-01
9.851503968238830566e-01
9.850492477416992188e-01
9.849448204040527344e-01
9.848314523696899414e-01
9.847149848937988281e-01
9.845962524414062500e-01
9.844726920127868652e-01
9.843438267707824707e-01
9.842124581336975098e-01
9.840755462646484375e-01
9.839298129081726074e-01
9.837849736213684082e-01
9.836444258689880371e-01
9.834993481636047363e-01
9.833540320396423340e-01
9.832096695899963379e-01
9.830620884895324707e-01
9.829118847846984863e-01
9.827614426612854004e-01
9.826110005378723145e-01
9.824590682983398438e-01
9.823074340820312500e-01
9.821566343307495117e-01
9.820064306259155273e-01
9.818576574325561523e-01
9.817118048667907715e-01
9.815673828125000000e-01
9.814251661300659180e-01
9.812853336334228516e-01
9.811458587646484375e-01
9.810074567794799805e-01
9.808689355850219727e-01
9.807310700416564941e-01
9.805945158004760742e-01
9.804574251174926758e-01
9.803208708763122559e-01
9.801851511001586914e-01
9.800489544868469238e-01
9.799126386642456055e-01
9.797774553298950195e-01
9.796429276466369629e-01
9.795083403587341309e-01
9.793734550476074219e-01
9.792389869689941406e-01
9.791046977043151855e-01
9.789704084396362305e-01
9.788348674774169922e-01
9.786987304687500000e-01
9.785618782043457031e-01
9.784246683120727539e-01
9.782875776290893555e-01
9.781500101089477539e-01
9.780112504959106445e-01
9.778718948364257812e-01
9.777314662933349609e-01
9.775888323783874512e-01
9.774447679519653320e-01
9.772999286651611328e-01
9.771525263786315918e-01
9.770027399063110352e-01
9.768498539924621582e-01
9.766948223114013672e-01
9.765365719795227051e-01
9.763739109039306641e-01
9.762094020843505859e-01
9.760442376136779785e-01
9.758771657943725586e-01
9.757075309753417969e-01
9.755365252494812012e-01
9.753619432449340820e-01
9.751838445663452148e-01
9.750050902366638184e-01
9.748237729072570801e-01
9.746388196945190430e-01
9.744517207145690918e-01
9.742623567581176758e-01
9.740675687789916992e-01
9.738702774047851562e-01
9.736701846122741699e-01
9.734658598899841309e-01
9.732565879821777344e-01
9.730446338653564453e-01
9.728285670280456543e-01
9.726075530052185059e-01
9.723847508430480957e-01
9.721536636352539062e-01
9.719159007072448730e-01
9.716772437095642090e-01
9.714298844337463379e-01
9.711754918098449707e-01
9.709165096282958984e-01
9.706516861915588379e-01
9.703872203826904297e-01
9.701195359230041504e-01
9.698461890220642090e-01
9.695721268653869629e-01
9.692915081977844238e-01
9.689998626708984375e-01
9.686999320983886719e-01
9.683925509452819824e-01
9.680772423744201660e-01
9.677606225013732910e-01
9.674459695816040039e-01
9.671438932418823242e-01
9.668419361114501953e-01
9.665138125419616699e-01
9.661916494369506836e-01
9.658910036087036133e-01
9.655888080596923828e-01
9.652666449546813965e-01
9.649513363838195801e-01
9.646641016006469727e-01
9.643915891647338867e-01
9.641112089157104492e-01
9.638183712959289551e-01
9.635389447212219238e-01
9.632692337036132812e-01
9.629991650581359863e-01
9.627169370651245117e-01
9.624199867248535156e-01
9.621304869651794434e-01
9.618597626686096191e-01
9.615997076034545898e-01
9.613538384437561035e-01
9.611065983772277832e-01
9.608336091041564941e-01
9.605426788330078125e-01
9.602817296981811523e-01
9.600577354431152344e-01
9.598303437232971191e-01
9.595729708671569824e-01
9.592816233634948730e-01
9.590082168579101562e-01
9.587453603744506836e-01
9.584805965423583984e-01
9.581993818283081055e-01
9.579130411148071289e-01
9.576554298400878906e-01
9.574370384216308594e-01
9.572402834892272949e-01
9.570462107658386230e-01
9.568441510200500488e-01
9.566301703453063965e-01
9.564148187637329102e-01
9.562051892280578613e-01
9.560035467147827148e-01
9.558106660842895508e-01
9.556186795234680176e-01
9.554309248924255371e-01
9.552459716796875000e-01
9.550417661666870117e-01
9.548209905624389648e-01
9.546065330505371094e-01
9.544165730476379395e-01
9.542407393455505371e-01
9.540791511535644531e-01
9.539203047752380371e-01
9.537409543991088867e-01
9.535380005836486816e-01
9.533259868621826172e-01
9.531331062316894531e-01
9.529600143432617188e-01
9.527915716171264648e-01
9.526153206825256348e-01
9.524214267730712891e-01
9.522178769111633301e-01
9.520211219787597656e-01
9.518395662307739258e-01
9.516769051551818848e-01
9.515287876129150391e-01
9.513748884201049805e-01
9.512251615524291992e-01
9.510573744773864746e-01
9.508569240570068359e-01
9.506698250770568848e-01
9.505005478858947754e-01
9.503511190414428711e-01
9.502252340316772461e-01
9.500827193260192871e-01
9.499366283416748047e-01
9.497730731964111328e-01
9.495870471000671387e-01
9.494186639785766602e-01
9.492558240890502930e-01
9.491123557090759277e-01
9.489781260490417480e-01
9.488462209701538086e-01
9.487189054489135742e-01
9.485814571380615234e-01
9.484273195266723633e-01
9.482626318931579590e-01
9.480928182601928711e-01
9.479427933692932129e-01
9.478060603141784668e-01
9.476807713508605957e-01
9.475631713867187500e-01
9.474283456802368164e-01
9.472837448120117188e-01
9.471271634101867676e-01
9.469645023345947266e-01
9.468123316764831543e-01
9.466665983200073242e-01
9.465158581733703613e-01
9.463771581649780273e-01
9.462413191795349121e-01
9.460986256599426270e-01
9.459649324417114258e-01
9.458545446395874023e-01
9.457694292068481445e-01
9.457199573516845703e-01
9.456374049186706543e-01
9.454106092453002930e-01
9.451350569725036621e-01
9.449868202209472656e-01
9.449588656425476074e-01
9.448716044425964355e-01
9.446569085121154785e-01
9.444456696510314941e-01
9.443504214286804199e-01
9.442917108535766602e-01
9.441358447074890137e-01
9.439336657524108887e-01
9.437963366508483887e-01
9.437115788459777832e-01
9.435966610908508301e-01
9.434280395507812500e-01
9.432621598243713379e-01
9.431384205818176270e-01
9.430370330810546875e-01
9.429153203964233398e-01
9.427675008773803711e-01
9.426062703132629395e-01
9.424513578414916992e-01
9.423150420188903809e-01
9.421978592872619629e-01
9.420846104621887207e-01
9.419442415237426758e-01
9.417958855628967285e-01
9.416258931159973145e-01
9.414569139480590820e-01
9.412998557090759277e-01
9.411513805389404297e-01
9.410036802291870117e-01
9.408622980117797852e-01
9.407272338867187500e-01
9.405817985534667969e-01
9.404444694519042969e-01
9.402895569801330566e-01
9.401358962059020996e-01
9.399743080139160156e-01
9.398270249366760254e-01
9.396889209747314453e-01
9.395657777786254883e-01
9.394543170928955078e-01
9.393408298492431641e-01
9.392213225364685059e-01
9.391019940376281738e-01
9.389797449111938477e-01
9.388415813446044922e-01
9.387001395225524902e-01
9.385676383972167969e-01
9.384431838989257812e-01
9.383261203765869141e-01
9.382159113883972168e-01
9.381069540977478027e-01
9.379906058311462402e-01
9.378661513328552246e-01
9.377318620681762695e-01
9.376013278961181641e-01
9.374709725379943848e-01
9.373483061790466309e-01
9.372387528419494629e-01
9.371355772018432617e-01
9.370263218879699707e-01
9.369113445281982422e-01
9.367876052856445312e-01
9.366592168807983398e-01
9.365372061729431152e-01
9.364228248596191406e-01
9.363062381744384766e-01
9.361924529075622559e-01
9.360899925231933594e-01
9.360030293464660645e-01
9.359668493270874023e-01
9.359813928604125977e-01
9.360225200653076172e-01
9.359206557273864746e-01
9.354919791221618652e-01
9.352781176567077637e-01
9.352830052375793457e-01
9.353048205375671387e-01
9.351207613945007324e-01
9.348042607307434082e-01
9.348542094230651855e-01
9.348277449607849121e-01
9.344813823699951172e-01
9.344468116760253906e-01
9.344136118888854980e-01
9.341754913330078125e-01
9.339987635612487793e-01
9.339710474014282227e-01
9.338342547416687012e-01
9.335859417915344238e-01
9.335514903068542480e-01
9.334439039230346680e-01
9.333112835884094238e-01
9.331882596015930176e-01
9.331178665161132812e-01
9.330469369888305664e-01
9.328719377517700195e-01
9.328111410140991211e-01
9.327138066291809082e-01
9.325807094573974609e-01
9.324735403060913086e-01
9.323807954788208008e-01
9.323009848594665527e-01
9.321607351303100586e-01
9.320905208587646484e-01
9.319998621940612793e-01
9.318848252296447754e-01
9.317941665649414062e-01
9.316946864128112793e-01
9.316151142120361328e-01
9.314971566200256348e-01
9.314004182815551758e-01
9.313239455223083496e-01
9.312104582786560059e-01
9.311223626136779785e-01
9.310241937637329102e-01
9.309230446815490723e-01
9.308329820632934570e-01
9.307253956794738770e-01
9.306302070617675781e-01
9.305372834205627441e-01
9.304354786872863770e-01
9.303420782089233398e-01
9.302380084991455078e-01
9.301349520683288574e-01
9.300394654273986816e-01
9.299377799034118652e-01
9.298387765884399414e-01
9.297391176223754883e-01
9.296371340751647949e-01
9.295368790626525879e-01
9.294348955154418945e-01
9.293331503868103027e-01
9.292327165603637695e-01
9.291303157806396484e-01
9.290267229080200195e-01
9.289252161979675293e-01
9.288217425346374512e-01
9.287179708480834961e-01
9.286152720451354980e-01
9.285111427307128906e-01
9.284078478813171387e-01
9.283048510551452637e-01
9.282016754150390625e-01
9.280991554260253906e-01
9.279939532279968262e-01
9.278897047042846680e-01
9.277838468551635742e-01
9.276783466339111328e-01
9.275733828544616699e-01
9.274645447731018066e-01
9.273554682731628418e-01
9.272461533546447754e-01
9.271311163902282715e-01
9.270137548446655273e-01
9.268873333930969238e-01
9.267547726631164551e-01
9.266238212585449219e-01
9.264914989471435547e-01
9.263599514961242676e-01
9.262293577194213867e-01
9.261038303375244141e-01
9.259859323501586914e-01
9.258741736412048340e-01
9.257605075836181641e-01
9.256429672241210938e-01
9.255205988883972168e-01
9.253984689712524414e-01
9.252802133560180664e-01
9.251664876937866211e-01
9.250566959381103516e-01
9.249653816223144531e-01
9.248803853988647461e-01
9.247952103614807129e-01
9.247108697891235352e-01
9.245615601539611816e-01
9.243938326835632324e-01
9.242177605628967285e-01
9.240716695785522461e-01
9.239555597305297852e-01
9.238705635070800781e-01
9.238009452819824219e-01
9.236947298049926758e-01
9.235953688621520996e-01
9.234093427658081055e-01
9.232106804847717285e-01
9.230513572692871094e-01
9.229242205619812012e-01
9.228047132492065430e-01
9.226922392845153809e-01
9.225426316261291504e-01
9.223830699920654297e-01
9.222130179405212402e-01
9.220483303070068359e-01
9.218828082084655762e-01
9.217228889465332031e-01
9.215688705444335938e-01
9.214200973510742188e-01
9.212772250175476074e-01
9.211497902870178223e-01
9.210473895072937012e-01
9.209430217742919922e-01
9.207934737205505371e-01
9.206174612045288086e-01
9.203672409057617188e-01
9.201509356498718262e-01
9.199451804161071777e-01
9.197759628295898438e-01
9.196288585662841797e-01
9.194555282592773438e-01
9.192820191383361816e-01
9.190985560417175293e-01
9.189203977584838867e-01
9.187400341033935547e-01
9.185645580291748047e-01
9.183986783027648926e-01
9.182144999504089355e-01
9.180333018302917480e-01
9.178623557090759277e-01
9.176993966102600098e-01
9.175531864166259766e-01
9.174122214317321777e-01
9.172813892364501953e-01
9.171344637870788574e-01
9.169917702674865723e-01
9.168375730514526367e-01
9.166706204414367676e-01
9.165145158767700195e-01
9.163624048233032227e-01
9.162153601646423340e-01
9.160769581794738770e-01
9.159358143806457520e-01
9.157994985580444336e-01
9.156519770622253418e-01
9.155092239379882812e-01
9.153801202774047852e-01
9.152933359146118164e-01
9.152099490165710449e-01
9.151604175567626953e-01
9.151501655578613281e-01
9.151115417480468750e-01
9.148272275924682617e-01
9.144452214241027832e-01
9.141702651977539062e-01
9.140695333480834961e-01
9.140259027481079102e-01
9.138729572296142578e-01
9.136188626289367676e-01
9.134024977684020996e-01
9.133083224296569824e-01
9.132331013679504395e-01
9.130631685256958008e-01
9.128552079200744629e-01
9.126580357551574707e-01
9.125404953956604004e-01
9.124445319175720215e-01
9.122936129570007324e-01
9.121214151382446289e-01
9.119663834571838379e-01
9.118539094924926758e-01
9.117594361305236816e-01
9.115964770317077637e-01
9.114281535148620605e-01
9.112910628318786621e-01
9.111782908439636230e-01
9.110587835311889648e-01
9.109300374984741211e-01
9.107662439346313477e-01
9.106223583221435547e-01
9.105153679847717285e-01
9.104164242744445801e-01
9.103090167045593262e-01
9.101953506469726562e-01
9.100437760353088379e-01
9.098753333091735840e-01
9.097129106521606445e-01
9.095826148986816406e-01
9.094575643539428711e-01
9.093390107154846191e-01
9.092393517494201660e-01
9.090979099273681641e-01
9.089425206184387207e-01
9.088129401206970215e-01
9.086757898330688477e-01
9.085288047790527344e-01
9.083957672119140625e-01
9.082723855972290039e-01
9.081385731697082520e-01
9.080038070678710938e-01
9.078820347785949707e-01
9.077644944190979004e-01
9.076399803161621094e-01
9.075378775596618652e-01
9.074678421020507812e-01
9.074212908744812012e-01
9.074187278747558594e-01
9.074014425277709961e-01
9.073078632354736328e-01
9.069696068763732910e-01
9.066289067268371582e-01
9.065056443214416504e-01
9.065739512443542480e-01
9.065755009651184082e-01
9.063252806663513184e-01
9.060379862785339355e-01
9.058969020843505859e-01
9.059171080589294434e-01
9.059206247329711914e-01
9.057230353355407715e-01
9.054492712020874023e-01
9.052954316139221191e-01
9.052866697311401367e-01
9.052776694297790527e-01
9.051292538642883301e-01
9.048699736595153809e-01
9.047232866287231445e-01
9.047249555587768555e-01
9.047107696533203125e-01
9.045587182044982910e-01
9.043060541152954102e-01
9.041550755500793457e-01
9.041082262992858887e-01
9.040542244911193848e-01
9.039281606674194336e-01
9.037415385246276855e-01
9.036009907722473145e-01
9.035187363624572754e-01
9.034518599510192871e-01
9.033290147781372070e-01
9.031832218170166016e-01
9.030501842498779297e-01
9.029552340507507324e-01
9.028740525245666504e-01
9.027678370475769043e-01
9.026442170143127441e-01
9.025129675865173340e-01
9.024022221565246582e-01
9.023089408874511719e-01
9.022088646888732910e-01
9.020919799804687500e-01
9.019744396209716797e-01
9.018665552139282227e-01
9.017598628997802734e-01
9.016580581665039062e-01
9.015551805496215820e-01
9.014664292335510254e-01
9.013676643371582031e-01
9.012692570686340332e-01
9.011673927307128906e-01
9.010477662086486816e-01
9.009293317794799805e-01
9.008066058158874512e-01
9.006807804107666016e-01
9.005642533302307129e-01
9.004679918289184570e-01
9.003677368164062500e-01
9.002754092216491699e-01
9.001737236976623535e-01
9.000521302223205566e-01
8.999341726303100586e-01
8.998221158981323242e-01
8.997097015380859375e-01
8.995977640151977539e-01
8.994833827018737793e-01
8.993887305259704590e-01
8.992812633514404297e-01
8.991898298263549805e-01
8.990917205810546875e-01
8.989951014518737793e-01
8.988701701164245605e-01
8.987545967102050781e-01
8.986176252365112305e-01
8.984877467155456543e-01
8.983672857284545898e-01
8.982540369033813477e-01
8.981438875198364258e-01
8.980383872985839844e-01
8.979409337043762207e-01
8.978477716445922852e-01
8.977853655815124512e-01
8.977383971214294434e-01
8.976231813430786133e-01
8.974563479423522949e-01
8.973023891448974609e-01
8.971304893493652344e-01
8.970054984092712402e-01
8.969243764877319336e-01
8.968194723129272461e-01
8.967030644416809082e-01
8.965960741043090820e-01
8.964775204658508301e-01
8.963311314582824707e-01
8.961948752403259277e-01
8.960819840431213379e-01
8.959605693817138672e-01
8.958293199539184570e-01
8.957112431526184082e-01
8.955965042114257812e-01
8.954818844795227051e-01
8.953576683998107910e-01
8.952352404594421387e-01
8.951221704483032227e-01
8.950022459030151367e-01
8.948799967765808105e-01
8.947688937187194824e-01
8.946706056594848633e-01
8.945778012275695801e-01
8.945245742797851562e-01
8.945882916450500488e-01
8.946216106414794922e-01
8.947131633758544922e-01
8.947272300720214844e-01
8.942574858665466309e-01
8.938358426094055176e-01
8.936461210250854492e-01
8.935691714286804199e-01
8.935921192169189453e-01
8.936043977737426758e-01
8.932340145111083984e-01
8.930245041847229004e-01
8.929914236068725586e-01
8.929275870323181152e-01
8.928490281105041504e-01
8.926809430122375488e-01
8.924920558929443359e-01
8.923209905624389648e-01
8.922293782234191895e-01
8.921446800231933594e-01
8.920137882232666016e-01
8.919062018394470215e-01
8.917740583419799805e-01
8.916199207305908203e-01
8.915400505065917969e-01
8.914747834205627441e-01
8.913545012474060059e-01
8.912340998649597168e-01
8.911278843879699707e-01
8.909836411476135254e-01
8.908269405364990234e-01
8.907229304313659668e-01
8.906347751617431641e-01
8.904737234115600586e-01
8.903294205665588379e-01
8.902367353439331055e-01
8.901204466819763184e-01
8.899663686752319336e-01
8.898533582687377930e-01
8.897705674171447754e-01
8.896383643150329590e-01
8.895016312599182129e-01
8.894065022468566895e-01
8.892983198165893555e-01
8.891791105270385742e-01
8.890860676765441895e-01
8.890292644500732422e-01
8.889270424842834473e-01
8.888490796089172363e-01
8.887770175933837891e-01
8.886123895645141602e-01
8.884418606758117676e-01
8.882923722267150879e-01
8.881398439407348633e-01
8.879835605621337891e-01
8.878618478775024414e-01
8.877766132354736328e-01
8.876801729202270508e-01
8.876045346260070801e-01
8.875500559806823730e-01
8.874558210372924805e-01
8.873479962348937988e-01
8.872169852256774902e-01
8.870253562927246094e-01
8.868414163589477539e-01
8.867149353027343750e-01
8.866211175918579102e-01
8.865310549736022949e-01
8.864652514457702637e-01
8.863593935966491699e-01
8.862205147743225098e-01
8.860591650009155273e-01
8.859214782714843750e-01
8.857721090316772461e-01
8.856471180915832520e-01
8.855443596839904785e-01
8.854465484619140625e-01
8.853594660758972168e-01
8.853003978729248047e-01
8.852636218070983887e-01
8.851573467254638672e-01
8.849734663963317871e-01
8.848314285278320312e-01
8.846365213394165039e-01
8.844869732856750488e-01
8.843825459480285645e-01
8.842741847038269043e-01
8.841661214828491211e-01
8.840756416320800781e-01
8.840028643608093262e-01
8.838838338851928711e-01
8.837848305702209473e-01
