1.032374620437622070e+00
1.030268669128417969e+00
1.028314352035522461e+00
1.026487350463867188e+00
1.024754524230957031e+00
1.023126482963562012e+00
1.021607756614685059e+00
1.020177483558654785e+00
1.018823742866516113e+00
1.017542123794555664e+00
1.016346335411071777e+00
1.015228509902954102e+00
1.014178156852722168e+00
1.013188004493713379e+00
1.012251615524291992e+00
1.011381864547729492e+00
1.010567069053649902e+00
1.009802818298339844e+00
1.009083151817321777e+00
1.008396744728088379e+00
1.007737159729003906e+00
1.007103800773620605e+00
1.006496071815490723e+00
1.005911350250244141e+00
1.005351543426513672e+00
1.004814505577087402e+00
1.004297137260437012e+00
1.003800034523010254e+00
1.003317832946777344e+00
1.002849459648132324e+00
1.002395153045654297e+00
1.001955509185791016e+00
1.001531004905700684e+00
1.001120686531066895e+00
1.000725746154785156e+00
1.000347971916198730e+00
9.999893307685852051e-01
9.996466636657714844e-01
9.993194937705993652e-01
9.989981055259704590e-01
9.986796379089355469e-01
9.983621835708618164e-01
9.980449080467224121e-01
9.977281093597412109e-01
9.974173903465270996e-01
9.971142411231994629e-01
9.968184828758239746e-01
9.965247511863708496e-01
9.962338805198669434e-01
9.959456920623779297e-01
9.956597089767456055e-01
9.953792095184326172e-01
9.951035976409912109e-01
9.948292374610900879e-01
9.945601224899291992e-01
9.942961335182189941e-01
9.940383434295654297e-01
9.937844276428222656e-01
9.935355186462402344e-01
9.932931661605834961e-01
9.930562973022460938e-01
9.928254485130310059e-01
9.926018714904785156e-01
9.923874139785766602e-01
9.921816587448120117e-01
9.919831752777099609e-01
9.917916059494018555e-01
9.916061758995056152e-01
9.914282560348510742e-01
9.912585616111755371e-01
9.910955429077148438e-01
9.909393191337585449e-01
9.907894134521484375e-01
9.906453490257263184e-01
9.905064702033996582e-01
9.903726577758789062e-01
9.902430772781372070e-01
9.901142716407775879e-01
9.899822473526000977e-01
9.898465871810913086e-01
9.897140860557556152e-01
9.895858168601989746e-01
9.894613623619079590e-01
9.893416166305541992e-01
9.892253279685974121e-01
9.891110062599182129e-01
9.890004992485046387e-01
9.888923168182373047e-01
9.887873530387878418e-01
9.886852502822875977e-01
9.885844588279724121e-01
9.884851574897766113e-01
9.883874654769897461e-01
9.882904291152954102e-01
9.881942868232727051e-01
9.880983829498291016e-01
9.880023002624511719e-01
9.879067540168762207e-01
9.878119826316833496e-01
9.877179265022277832e-01
9.876221418380737305e-01
9.875297546386718750e-01
9.874366521835327148e-01
9.873429536819458008e-01
9.872500896453857422e-01
9.871566295623779297e-01
9.870624542236328125e-01
9.869677424430847168e-01
9.868724942207336426e-01
9.867771267890930176e-01
9.866799116134643555e-01
9.865823984146118164e-01
9.864845871925354004e-01
9.863848686218261719e-01
9.862837195396423340e-01
9.861811399459838867e-01
9.860761761665344238e-01
9.859684109687805176e-01
9.858555197715759277e-01
9.857397675514221191e-01
9.856259822845458984e-01
9.855133295059204102e-01
9.853982329368591309e-01
9.852817058563232422e-01
9.851640462875366211e-01
9.850446581840515137e-01
9.849233627319335938e-01
9.847993850708007812e-01
9.846727848052978516e-01
9.845439791679382324e-01
9.844133257865905762e-01
9.842807054519653320e-01
9.841461181640625000e-01
9.840107560157775879e-01
9.838741421699523926e-01
9.837366342544555664e-01
9.835973978042602539e-01
9.834563136100769043e-01
9.833135604858398438e-01
9.831694960594177246e-01
9.830243587493896484e-01
9.828770756721496582e-01
9.827277064323425293e-01
9.825769066810607910e-01
9.824240207672119141e-01
9.822692871093750000e-01
9.821128249168395996e-01
9.819548726081848145e-01
9.817951321601867676e-01
9.816333651542663574e-01
9.814702272415161133e-01
9.813060164451599121e-01
9.811409711837768555e-01
9.809749722480773926e-01
9.808080196380615234e-01
9.806404709815979004e-01
9.804736375808715820e-01
9.803090095520019531e-01
9.801453948020935059e-01
9.799820780754089355e-01
9.798195362091064453e-01
9.796568751335144043e-01
9.794934391975402832e-01
9.793299436569213867e-01
9.791660904884338379e-01
9.790030717849731445e-01
9.788405299186706543e-01
9.786797165870666504e-01
9.785212278366088867e-01
9.783668518066406250e-01
9.782163500785827637e-01
9.780657291412353516e-01
9.779155254364013672e-01
9.777670502662658691e-01
9.776207208633422852e-01
9.774758815765380859e-01
9.773324131965637207e-01
9.771903753280639648e-01
9.770495295524597168e-01
9.769102931022644043e-01
9.767715930938720703e-01
9.766349792480468750e-01
9.765000939369201660e-01
9.763666987419128418e-01
9.762350320816040039e-01
9.761041998863220215e-01
9.759746193885803223e-01
9.758461117744445801e-01
9.757190346717834473e-01
9.755930900573730469e-01
9.754676818847656250e-01
9.753426909446716309e-01
9.752187132835388184e-01
9.750961661338806152e-01
9.749733805656433105e-01
9.748505353927612305e-01
9.747249484062194824e-01
9.745978116989135742e-01
9.744709134101867676e-01
9.743469953536987305e-01
9.742222428321838379e-01
9.740961790084838867e-01
9.739677906036376953e-01
9.738404750823974609e-01
9.737139940261840820e-01
9.735874533653259277e-01
9.734603762626647949e-01
9.733323454856872559e-01
9.732025861740112305e-01
9.730746746063232422e-01
9.729483127593994141e-01
9.728229045867919922e-01
9.726965427398681641e-01
9.725692272186279297e-01
9.724423289299011230e-01
9.723178744316101074e-01
9.721959829330444336e-01
9.720774292945861816e-01
9.719601869583129883e-01
9.718419313430786133e-01
9.717239737510681152e-01
9.716069102287292480e-01
9.714915156364440918e-01
9.713771939277648926e-01
9.712634086608886719e-01
9.711514711380004883e-01
9.710394740104675293e-01
9.709268808364868164e-01
9.708141088485717773e-01
9.707009792327880859e-01
9.705888628959655762e-01
9.704782962799072266e-01
9.703677296638488770e-01
9.702564477920532227e-01
9.701447486877441406e-01
9.700334668159484863e-01
9.699218869209289551e-01
9.698098897933959961e-01
9.696977138519287109e-01
9.695860147476196289e-01
9.694749116897583008e-01
9.693641066551208496e-01
9.692543745040893555e-01
9.691455960273742676e-01
9.690382480621337891e-01
9.689311385154724121e-01
9.688235521316528320e-01
9.687150716781616211e-01
9.686064124107360840e-01
9.684974551200866699e-01
9.683876633644104004e-01
9.682776331901550293e-01
9.681676626205444336e-01
9.680577516555786133e-01
9.679480195045471191e-01
9.678381681442260742e-01
9.677281379699707031e-01
9.676177501678466797e-01
9.675073027610778809e-01
9.673963189125061035e-01
9.672847390174865723e-01
9.671722650527954102e-01
9.670585989952087402e-01
9.669438004493713379e-01
9.668289422988891602e-01
9.667128920555114746e-01
9.665963649749755859e-01
9.664791822433471680e-01
9.663612842559814453e-01
9.662425518035888672e-01
9.661234021186828613e-01
9.660034775733947754e-01
9.658825993537902832e-01
9.657611250877380371e-01
9.656394720077514648e-01
9.655184149742126465e-01
9.653972983360290527e-01
9.652758240699768066e-01
9.651539921760559082e-01
9.650317430496215820e-01
9.649089574813842773e-01
9.647858738899230957e-01
9.646622538566589355e-01
9.645375013351440430e-01
9.644116759300231934e-01
9.642856717109680176e-01
9.641587138175964355e-01
9.640309810638427734e-01
9.639033675193786621e-01
9.637749791145324707e-01
9.636465311050415039e-01
9.635172486305236816e-01
9.633880257606506348e-01
9.632577896118164062e-01
9.631274938583374023e-01
9.629962444305419922e-01
9.628641009330749512e-01
9.627318978309631348e-01
9.625979065895080566e-01
9.624637961387634277e-01
9.623294472694396973e-01
9.621952176094055176e-01
9.620594978332519531e-01
9.619243144989013672e-01
9.617889523506164551e-01
9.616526365280151367e-01
9.615159034729003906e-01
9.613785147666931152e-01
9.612404704093933105e-01
9.611015915870666504e-01
9.609615802764892578e-01
9.608216881752014160e-01
9.606803655624389648e-01
9.605378508567810059e-01
9.603933095932006836e-01
9.602488875389099121e-01
9.601028561592102051e-01
9.599554538726806641e-01
9.598066806793212891e-01
9.596557021141052246e-01
9.595023393630981445e-01
9.593471288681030273e-01
9.591893553733825684e-01
9.590300321578979492e-01
9.588694572448730469e-01
9.587075710296630859e-01
9.585445523262023926e-01
9.583793878555297852e-01
9.582121968269348145e-01
9.580436348915100098e-01
9.578728675842285156e-01
9.577001929283142090e-01
9.575255513191223145e-01
9.573489427566528320e-01
9.571697115898132324e-01
9.569883346557617188e-01
9.568044543266296387e-01
9.566190838813781738e-01
9.564319252967834473e-01
9.562422037124633789e-01
9.560503959655761719e-01
9.558555483818054199e-01
9.556578993797302246e-01
9.554578065872192383e-01
9.552557468414306641e-01
9.550509452819824219e-01
9.548436999320983887e-01
9.546329379081726074e-01
9.544199109077453613e-01
9.542051553726196289e-01
9.539868235588073730e-01
9.537658095359802246e-01
9.535408616065979004e-01
9.533126950263977051e-01
9.530817866325378418e-01
9.528481960296630859e-01
9.526131153106689453e-01
9.523764848709106445e-01
9.521375894546508789e-01
9.518972635269165039e-01
9.516535401344299316e-01
9.514076709747314453e-01
9.511599540710449219e-01
9.509116411209106445e-01
9.506617188453674316e-01
9.504101872444152832e-01
9.501562714576721191e-01
9.499008059501647949e-01
9.496434330940246582e-01
9.493820667266845703e-01
9.491183757781982422e-01
9.488512277603149414e-01
9.485808014869689941e-01
9.483058452606201172e-01
9.480274915695190430e-01
9.477444887161254883e-01
9.474566578865051270e-01
9.471679329872131348e-01
9.468776583671569824e-01
9.465870857238769531e-01
9.462951421737670898e-01
9.460005164146423340e-01
9.457080364227294922e-01
9.454167485237121582e-01
9.451273679733276367e-01
9.448471665382385254e-01
9.445816874504089355e-01
9.443325400352478027e-01
9.440460205078125000e-01
9.437241554260253906e-01
9.434682130813598633e-01
9.432129859924316406e-01
9.429208040237426758e-01
9.426543116569519043e-01
9.424058198928833008e-01
9.421172738075256348e-01
9.418641924858093262e-01
9.416123032569885254e-01
9.413282275199890137e-01
9.410752654075622559e-01
9.408322572708129883e-01
9.405609369277954102e-01
9.403066635131835938e-01
9.400692582130432129e-01
9.398181438446044922e-01
9.395646452903747559e-01
9.393269419670104980e-01
9.390867352485656738e-01
9.388387203216552734e-01
9.386045932769775391e-01
9.383743405342102051e-01
9.381406307220458984e-01
9.379047155380249023e-01
9.376820921897888184e-01
9.374585151672363281e-01
9.372367262840270996e-01
9.370158910751342773e-01
9.368054270744323730e-01
9.365934729576110840e-01
9.363830089569091797e-01
9.361729025840759277e-01
9.359656572341918945e-01
9.357646107673645020e-01
9.355680942535400391e-01
9.353756904602050781e-01
9.351807832717895508e-01
9.349933266639709473e-01
9.348050355911254883e-01
9.346241950988769531e-01
9.344424605369567871e-01
9.342605471611022949e-01
9.340811967849731445e-01
9.339025020599365234e-01
9.337285161018371582e-01
9.335627555847167969e-01
9.334228038787841797e-01
9.333351850509643555e-01
9.332165122032165527e-01
9.329181313514709473e-01
9.327763319015502930e-01
9.327101707458496094e-01
9.324557185173034668e-01
9.323119521141052246e-01
9.322092533111572266e-01
9.319916367530822754e-01
9.318718314170837402e-01
9.317332506179809570e-01
9.315476417541503906e-01
9.314424991607666016e-01
9.312803149223327637e-01
9.311285018920898438e-01
9.310142993927001953e-01
9.308477640151977539e-01
9.307225346565246582e-01
9.305955171585083008e-01
9.304364919662475586e-01
9.303267598152160645e-01
9.301789402961730957e-01
9.300337433815002441e-01
9.299104809761047363e-01
9.297401905059814453e-01
9.295949935913085938e-01
9.294346570968627930e-01
9.292551875114440918e-01
9.291138052940368652e-01
9.289651513099670410e-01
9.288313388824462891e-01
9.287064671516418457e-01
9.285709857940673828e-01
9.284298419952392578e-01
9.282861948013305664e-01
9.281314611434936523e-01
9.279712438583374023e-01
9.278045892715454102e-01
9.276101589202880859e-01
9.274069070816040039e-01
9.272162318229675293e-01
9.270320534706115723e-01
9.268673658370971680e-01
9.267166256904602051e-01
9.265592694282531738e-01
9.263990521430969238e-01
9.262350797653198242e-01
9.260680079460144043e-01
9.258995056152343750e-01
9.257416129112243652e-01
9.255860447883605957e-01
9.254364967346191406e-01
9.252852797508239746e-01
9.251329302787780762e-01
9.249891638755798340e-01
9.248460531234741211e-01
9.247049093246459961e-01
9.245666265487670898e-01
9.244210124015808105e-01
9.242797493934631348e-01
9.241354465484619141e-01
9.239926338195800781e-01
9.238462448120117188e-01
9.237022399902343750e-01
9.235640764236450195e-01
9.234249591827392578e-01
9.232941269874572754e-01
9.231740236282348633e-01
9.230981469154357910e-01
9.230914711952209473e-01
9.230284690856933594e-01
9.227677583694458008e-01
9.225461483001708984e-01
9.225690960884094238e-01
9.224503040313720703e-01
9.222100973129272461e-01
9.221487641334533691e-01
9.220778346061706543e-01
9.218961000442504883e-01
9.217872023582458496e-01
9.217390418052673340e-01
9.215911626815795898e-01
9.214667677879333496e-01
9.214032888412475586e-01
9.212884902954101562e-01
9.211745262145996094e-01
9.211003184318542480e-01
9.209979176521301270e-01
9.208871722221374512e-01
9.208091497421264648e-01
9.207139015197753906e-01
9.206115007400512695e-01
9.205272793769836426e-01
9.204418063163757324e-01
9.203453660011291504e-01
9.202568531036376953e-01
9.201784133911132812e-01
9.200892448425292969e-01
9.199937582015991211e-01
9.199129939079284668e-01
9.198373556137084961e-01
9.197428822517395020e-01
9.196491241455078125e-01
9.195656776428222656e-01
9.194905757904052734e-01
9.194087982177734375e-01
9.193065166473388672e-01
9.192003607749938965e-01
9.190960526466369629e-01
9.189907908439636230e-01
9.188640117645263672e-01
9.187188148498535156e-01
9.185628890991210938e-01
9.184008240699768066e-01
9.182555079460144043e-01
9.181268811225891113e-01
9.180147051811218262e-01
9.179143905639648438e-01
9.178224205970764160e-01
9.177369475364685059e-01
9.176518917083740234e-01
9.175376296043395996e-01
9.173941612243652344e-01
9.172505140304565430e-01
9.171191453933715820e-01
9.170074462890625000e-01
9.169087409973144531e-01
9.168145656585693359e-01
9.167188405990600586e-01
9.166051745414733887e-01
9.164841771125793457e-01
9.163654446601867676e-01
9.162639379501342773e-01
9.161813855171203613e-01
9.161148667335510254e-01
9.160609841346740723e-01
9.160119295120239258e-01
9.159324169158935547e-01
9.158117175102233887e-01
9.156574606895446777e-01
9.155350327491760254e-01
9.154685139656066895e-01
9.154401421546936035e-01
9.154186248779296875e-01
9.153165221214294434e-01
9.151453971862792969e-01
9.150323867797851562e-01
9.150005578994750977e-01
9.149621129035949707e-01
9.148617386817932129e-01
9.147453308105468750e-01
9.146450161933898926e-01
9.145464301109313965e-01
9.144678115844726562e-01
9.143964052200317383e-01
9.143082499504089355e-01
9.142383337020874023e-01
9.141624569892883301e-01
9.140599370002746582e-01
9.139550924301147461e-01
9.138475060462951660e-01
9.137589931488037109e-01
9.136846661567687988e-01
9.135893583297729492e-01
9.134813547134399414e-01
9.133823513984680176e-01
9.132925868034362793e-01
9.132186770439147949e-01
9.131514430046081543e-01
9.130844473838806152e-01
9.130080938339233398e-01
9.129156470298767090e-01
9.128028154373168945e-01
9.127010703086853027e-01
9.126054048538208008e-01
9.125189781188964844e-01
9.124419093132019043e-01
9.123701453208923340e-01
9.123036265373229980e-01
9.122361540794372559e-01
9.121751189231872559e-01
9.121188521385192871e-01
9.120452404022216797e-01
9.119558334350585938e-01
9.118463993072509766e-01
9.117325544357299805e-01
9.116526246070861816e-01
9.116144776344299316e-01
9.116024374961853027e-01
9.115704894065856934e-01
9.114969372749328613e-01
9.113814234733581543e-01
9.112750887870788574e-01
9.112194776535034180e-01
9.111958742141723633e-01
9.111644029617309570e-01
9.111108779907226562e-01
9.110064506530761719e-01
9.109112620353698730e-01
9.108428955078125000e-01
9.108103513717651367e-01
9.108142852783203125e-01
9.107974171638488770e-01
9.107329845428466797e-01
9.106137752532958984e-01
9.105117917060852051e-01
9.104514122009277344e-01
9.104265570640563965e-01
9.104257822036743164e-01
9.103932380676269531e-01
9.103224277496337891e-01
9.102082848548889160e-01
9.101439118385314941e-01
9.101261496543884277e-01
9.100952148437500000e-01
9.100494384765625000e-01
9.099760055541992188e-01
9.098960161209106445e-01
9.098452329635620117e-01
9.098225235939025879e-01
9.098192453384399414e-01
9.097495675086975098e-01
9.096796512603759766e-01
9.096063971519470215e-01
9.095553755760192871e-01
9.095318913459777832e-01
9.095039963722229004e-01
9.094699621200561523e-01
9.094162583351135254e-01
9.093591570854187012e-01
9.092873930931091309e-01
9.092446565628051758e-01
9.092267155647277832e-01
9.092059135437011719e-01
9.091964364051818848e-01
9.091389775276184082e-01
9.090458154678344727e-01
9.089867472648620605e-01
9.089556336402893066e-01
9.089251160621643066e-01
9.089189171791076660e-01
9.088915586471557617e-01
9.088183045387268066e-01
9.087570905685424805e-01
9.087058305740356445e-01
9.086611270904541016e-01
9.086385369300842285e-01
9.086176156997680664e-01
9.085896611213684082e-01
9.085776805877685547e-01
9.085351824760437012e-01
9.084891080856323242e-01
9.084280729293823242e-01
9.083795547485351562e-01
9.083296060562133789e-01
9.082906842231750488e-01
9.082577824592590332e-01
9.082263112068176270e-01
9.082075953483581543e-01
9.082189798355102539e-01
9.082682728767395020e-01
9.083015322685241699e-01
9.083412289619445801e-01
9.081844687461853027e-01
9.080196619033813477e-01
9.079591035842895508e-01
9.079706668853759766e-01
9.079865813255310059e-01
9.079642891883850098e-01
9.078930020332336426e-01
9.077990055084228516e-01
9.077647924423217773e-01
9.077678918838500977e-01
9.077716469764709473e-01
9.077612757682800293e-01
9.077106118202209473e-01
9.076399803161621094e-01
9.075902700424194336e-01
9.075496196746826172e-01
9.075104594230651855e-01
9.074797630310058594e-01
9.074595570564270020e-01
9.074386954307556152e-01
9.074133634567260742e-01
9.074103236198425293e-01
9.074075818061828613e-01
9.074035882949829102e-01
9.073917269706726074e-01
9.073107838630676270e-01
9.072401523590087891e-01
9.071997404098510742e-01
9.071941971778869629e-01
9.072016477584838867e-01
9.071917533874511719e-01
9.071452021598815918e-01
9.070783853530883789e-01
9.070341587066650391e-01
9.070197343826293945e-01
9.070110321044921875e-01
9.069879055023193359e-01
9.069476127624511719e-01
9.069059491157531738e-01
9.068698883056640625e-01
9.068401455879211426e-01
9.068250060081481934e-01
9.068088531494140625e-01
9.067918062210083008e-01
9.067618250846862793e-01
9.067214131355285645e-01
9.066777825355529785e-01
9.066504836082458496e-01
9.066278338432312012e-01
9.066085219383239746e-01
9.065935015678405762e-01
9.065598249435424805e-01
9.065210819244384766e-01
9.064853191375732422e-01
9.064550995826721191e-01
9.064244627952575684e-01
9.063966870307922363e-01
9.063769578933715820e-01
9.063540697097778320e-01
9.063352942466735840e-01
9.063282608985900879e-01
9.063476324081420898e-01
9.063453674316406250e-01
9.063584804534912109e-01
9.063162207603454590e-01
9.062550067901611328e-01
9.061767458915710449e-01
9.061123728752136230e-01
9.060653448104858398e-01
9.060469865798950195e-01
9.060456156730651855e-01
9.060491919517517090e-01
9.060645699501037598e-01
9.060524106025695801e-01
9.060183763504028320e-01
9.059383869171142578e-01
9.058759212493896484e-01
9.058300256729125977e-01
9.058259129524230957e-01
9.058579802513122559e-01
9.058678150177001953e-01
9.058518409729003906e-01
9.057924747467041016e-01
9.057248234748840332e-01
9.056610465049743652e-01
9.056416749954223633e-01
9.056676626205444336e-01
9.056769609451293945e-01
9.056706428527832031e-01
9.056133031845092773e-01
9.055466055870056152e-01
9.054872393608093262e-01
9.054701924324035645e-01
9.054780602455139160e-01
9.054687619209289551e-01
9.054465293884277344e-01
9.053924679756164551e-01
9.053422212600708008e-01
9.053187370300292969e-01
9.053173661231994629e-01
9.053242206573486328e-01
9.053038358688354492e-01
9.052716493606567383e-01
9.052186608314514160e-01
9.051763415336608887e-01
9.051572680473327637e-01
9.051452279090881348e-01
9.051376581192016602e-01
9.051097035408020020e-01
9.050710797309875488e-01
9.050346016883850098e-01
9.050112366676330566e-01
9.049955010414123535e-01
9.049795269966125488e-01
9.049623012542724609e-01
9.049369692802429199e-01
9.048920869827270508e-01
9.048484563827514648e-01
9.048128724098205566e-01
9.047778844833374023e-01
9.047460556030273438e-01
9.047219157218933105e-01
9.047037363052368164e-01
9.046898484230041504e-01
9.046908020973205566e-01
9.046728014945983887e-01
9.046422243118286133e-01
9.045906066894531250e-01
9.045369029045104980e-01
9.044981598854064941e-01
9.044914841651916504e-01
9.045091867446899414e-01
9.045059680938720703e-01
9.044963717460632324e-01
9.044318199157714844e-01
9.043646454811096191e-01
9.043111801147460938e-01
9.043064713478088379e-01
9.043365120887756348e-01
9.043574929237365723e-01
9.043796062469482422e-01
9.043290615081787109e-01
9.042516946792602539e-01
9.041612148284912109e-01
9.041134715080261230e-01
9.041060805320739746e-01
9.040957093238830566e-01
9.040682315826416016e-01
9.040203094482421875e-01
9.039888978004455566e-01
9.039832353591918945e-01
9.039753675460815430e-01
9.039592742919921875e-01
9.039152264595031738e-01
9.038706421852111816e-01
9.038407206535339355e-01
9.038226008415222168e-01
9.037989377975463867e-01
9.037714600563049316e-01
9.037419557571411133e-01
9.037185907363891602e-01
9.036951065063476562e-01
9.036704301834106445e-01
9.036464691162109375e-01
9.036261439323425293e-01
9.036088585853576660e-01
9.036012887954711914e-01
9.035902619361877441e-01
9.035841822624206543e-01
9.035649299621582031e-01
9.035562872886657715e-01
9.035271406173706055e-01
9.035167098045349121e-01
9.035099744796752930e-01
9.034957885742187500e-01
9.035020470619201660e-01
9.035193324089050293e-01
9.035478830337524414e-01
9.035978913307189941e-01
9.035240411758422852e-01
9.033990502357482910e-01
9.032734632492065430e-01
9.032055735588073730e-01
9.032522439956665039e-01
9.033108353614807129e-01
9.033154249191284180e-01
9.032419919967651367e-01
9.031371474266052246e-01
9.030663371086120605e-01
9.030756354331970215e-01
9.030979871749877930e-01
9.030647277832031250e-01
9.030326604843139648e-01
9.029917716979980469e-01
9.029371142387390137e-01
9.029141664505004883e-01
9.029277563095092773e-01
9.029242992401123047e-01
9.028977155685424805e-01
9.028762578964233398e-01
9.028240442276000977e-01
9.027793407440185547e-01
9.027596116065979004e-01
9.027284383773803711e-01
9.027057290077209473e-01
9.027079939842224121e-01
9.026973843574523926e-01
9.026817679405212402e-01
9.026870131492614746e-01
9.026610255241394043e-01
9.026219248771667480e-01
9.025790691375732422e-01
9.025480747222900391e-01
9.025005102157592773e-01
9.024710059165954590e-01
9.024521112442016602e-01
9.024322628974914551e-01
9.024214148521423340e-01
9.024209976196289062e-01
9.024518132209777832e-01
9.024732708930969238e-01
9.024996757507324219e-01
9.024145603179931641e-01
9.023364186286926270e-01
9.022379517555236816e-01
9.021989107131958008e-01
9.022095799446105957e-01
9.022512435913085938e-01
9.023222327232360840e-01
9.023326039314270020e-01
9.022140502929687500e-01
9.021006226539611816e-01
9.020335078239440918e-01
9.020028114318847656e-01
9.020104408264160156e-01
9.020323157310485840e-01
9.020402431488037109e-01
9.020464420318603516e-01
9.019967317581176758e-01
9.019664525985717773e-01
9.019024372100830078e-01
9.018359780311584473e-01
9.017977118492126465e-01
9.017859697341918945e-01
9.017995595932006836e-01
9.018359780311584473e-01
9.018798470497131348e-01
9.018412232398986816e-01
9.017741680145263672e-01
9.016957879066467285e-01
9.016339778900146484e-01
9.016061425209045410e-01
9.016075134277343750e-01
9.016227722167968750e-01
9.016425013542175293e-01
9.016479849815368652e-01
9.015939831733703613e-01
9.015190601348876953e-01
9.014647006988525391e-01
9.014408588409423828e-01
9.014468193054199219e-01
9.014805555343627930e-01
9.015272855758666992e-01
9.015035033226013184e-01
9.014122486114501953e-01
9.013373851776123047e-01
9.012939333915710449e-01
9.012821912765502930e-01
9.012860059738159180e-01
9.012984037399291992e-01
9.012802243232727051e-01
9.012306332588195801e-01
9.011856913566589355e-01
9.011564254760742188e-01
9.011306166648864746e-01
9.011106491088867188e-01
9.010973572731018066e-01
9.010940194129943848e-01
9.010854959487915039e-01
9.010750651359558105e-01
9.010430574417114258e-01
9.010099172592163086e-01
9.009727239608764648e-01
9.009455442428588867e-01
9.009205102920532227e-01
9.009009599685668945e-01
9.008958935737609863e-01
9.009054303169250488e-01
9.009101390838623047e-01
9.008989930152893066e-01
9.008544087409973145e-01
9.008015990257263184e-01
9.007654190063476562e-01
9.007360935211181641e-01
9.007126092910766602e-01
9.006916880607604980e-01
9.006770849227905273e-01
9.006695747375488281e-01
9.006723165512084961e-01
9.006715416908264160e-01
9.006624221801757812e-01
