1.079650759696960449e+00
1.073734760284423828e+00
1.068158507347106934e+00
1.062911152839660645e+00
1.057968258857727051e+00
1.053343892097473145e+00
1.049043893814086914e+00
1.045092463493347168e+00
1.041435837745666504e+00
1.038036942481994629e+00
1.034879446029663086e+00
1.031951069831848145e+00
1.029239416122436523e+00
1.026732325553894043e+00
1.024415969848632812e+00
1.022277355194091797e+00
1.020305037498474121e+00
1.018496632575988770e+00
1.016851902008056641e+00
1.015354633331298828e+00
1.013983726501464844e+00
1.012723922729492188e+00
1.011564254760742188e+00
1.010489106178283691e+00
1.009491443634033203e+00
1.008565187454223633e+00
1.007704973220825195e+00
1.006905794143676758e+00
1.006163120269775391e+00
1.005476236343383789e+00
1.004860281944274902e+00
1.004297375679016113e+00
1.003766655921936035e+00
1.003273606300354004e+00
1.002815604209899902e+00
1.002389669418334961e+00
1.001993894577026367e+00
1.001626133918762207e+00
1.001284599304199219e+00
1.000966072082519531e+00
1.000668764114379883e+00
1.000390768051147461e+00
1.000131964683532715e+00
9.998992681503295898e-01
9.996923208236694336e-01
9.994997382164001465e-01
9.993135929107666016e-01
9.991306066513061523e-01
9.989488124847412109e-01
9.987702369689941406e-01
9.985874295234680176e-01
9.984050989151000977e-01
9.982342720031738281e-01
9.980754256248474121e-01
9.979268908500671387e-01
9.977825880050659180e-01
9.976449012756347656e-01
9.975154399871826172e-01
9.973834753036499023e-01
9.972433447837829590e-01
9.970927238464355469e-01
9.969332814216613770e-01
9.967658519744873047e-01
9.965929388999938965e-01
9.964182376861572266e-01
9.962430000305175781e-01
9.960641264915466309e-01
9.958825707435607910e-01
9.956966638565063477e-01
9.955068230628967285e-01
9.953131079673767090e-01
9.951167106628417969e-01
9.949169158935546875e-01
9.947135448455810547e-01
9.945073127746582031e-01
9.942996501922607422e-01
9.940897822380065918e-01
9.938759803771972656e-01
9.936576485633850098e-01
9.934349656105041504e-01
9.932087659835815430e-01
9.929807782173156738e-01
9.927524328231811523e-01
9.925232529640197754e-01
9.922922253608703613e-01
9.920594692230224609e-01
9.918248653411865234e-01
9.915879964828491211e-01
9.913483262062072754e-01
9.911054372787475586e-01
9.908593297004699707e-01
9.906119704246520996e-01
9.903642535209655762e-01
9.901153445243835449e-01
9.898647069931030273e-01
9.896128177642822266e-01
9.893588423728942871e-01
9.891030192375183105e-01
9.888459444046020508e-01
9.885889291763305664e-01
9.883329868316650391e-01
9.880774021148681641e-01
9.878237247467041016e-01
9.875723719596862793e-01
9.873229861259460449e-01
9.870752692222595215e-01
9.868286848068237305e-01
9.865831136703491211e-01
9.863388538360595703e-01
9.860964417457580566e-01
9.858559370040893555e-01
9.856166839599609375e-01
9.853810071945190430e-01
9.851476550102233887e-01
9.849160313606262207e-01
9.846869707107543945e-01
9.844598174095153809e-01
9.842309355735778809e-01
9.840031266212463379e-01
9.837762713432312012e-01
9.835516214370727539e-01
9.833341836929321289e-01
9.831264615058898926e-01
9.829289913177490234e-01
9.827359318733215332e-01
9.825456738471984863e-01
9.823577404022216797e-01
9.821715950965881348e-01
9.819873571395874023e-01
9.818059206008911133e-01
9.816277027130126953e-01
9.814530611038208008e-01
9.812815785408020020e-01
9.811130762100219727e-01
9.809455275535583496e-01
9.807776212692260742e-01
9.806106686592102051e-01
9.804440140724182129e-01
9.802771806716918945e-01
9.801110029220581055e-01
9.799463748931884766e-01
9.797815680503845215e-01
9.796188473701477051e-01
9.794558882713317871e-01
9.792916178703308105e-01
9.791260957717895508e-01
9.789596796035766602e-01
9.787948727607727051e-01
9.786323904991149902e-01
9.784728884696960449e-01
9.783167839050292969e-01
9.781662821769714355e-01
9.780185818672180176e-01
9.778752326965332031e-01
9.777348637580871582e-01
9.775984287261962891e-01
9.774659872055053711e-01
9.773367047309875488e-01
9.772101640701293945e-01
9.770845770835876465e-01
9.769618511199951172e-01
9.768413305282592773e-01
9.767218232154846191e-01
9.766033887863159180e-01
9.764866232872009277e-01
9.763709902763366699e-01
9.762540459632873535e-01
9.761331677436828613e-01
9.760106801986694336e-01
9.758890271186828613e-01
9.757691025733947754e-01
9.756509065628051758e-01
9.755340218544006348e-01
9.754194021224975586e-01
9.753075838088989258e-01
9.751967787742614746e-01
9.750880002975463867e-01
9.749795794486999512e-01
9.748715162277221680e-01
9.747639298439025879e-01
9.746555089950561523e-01
9.745469689369201660e-01
9.744386076927185059e-01
9.743304252624511719e-01
9.742230772972106934e-01
9.741168618202209473e-01
9.740121960639953613e-01
9.739081263542175293e-01
9.738044738769531250e-01
9.737014770507812500e-01
9.735989570617675781e-01
9.734971523284912109e-01
9.733963012695312500e-01
9.732961058616638184e-01
9.731969833374023438e-01
9.730992913246154785e-01
9.730026721954345703e-01
9.729071855545043945e-01
9.728127121925354004e-01
9.727189540863037109e-01
9.726262092590332031e-01
9.725338816642761230e-01
9.724425673484802246e-01
9.723524451255798340e-01
9.722633957862854004e-01
9.721747636795043945e-01
9.720866680145263672e-01
9.719989299774169922e-01
9.719115495681762695e-01
9.718249440193176270e-01
9.717387557029724121e-01
9.716529846191406250e-01
9.715681076049804688e-01
9.714841842651367188e-01
9.714014530181884766e-01
9.713201522827148438e-01
9.712396860122680664e-01
9.711598753929138184e-01
9.710810184478759766e-01
9.710028171539306641e-01
9.709255099296569824e-01
9.708489775657653809e-01
9.707725644111633301e-01
9.706962704658508301e-01
9.706209897994995117e-01
9.705466628074645996e-01
9.704732894897460938e-01
9.703997373580932617e-01
9.703254103660583496e-01
9.702512025833129883e-01
9.701772332191467285e-01
9.701038002967834473e-01
9.700309038162231445e-01
9.699586629867553711e-01
9.698865413665771484e-01
9.698126316070556641e-01
9.697387814521789551e-01
9.696673750877380371e-01
9.695995450019836426e-01
9.695343971252441406e-01
9.694712758064270020e-01
9.694074392318725586e-01
9.693422913551330566e-01
9.692769646644592285e-01
9.692119956016540527e-01
9.691478610038757324e-01
9.690851569175720215e-01
9.690228700637817383e-01
9.689606428146362305e-01
9.688988327980041504e-01
9.688373208045959473e-01
9.687757492065429688e-01
9.687137007713317871e-01
9.686512351036071777e-01
9.685884118080139160e-01
9.685262441635131836e-01
9.684640169143676758e-01
9.684023261070251465e-01
9.683430194854736328e-01
9.682853221893310547e-01
9.682277441024780273e-01
9.681698083877563477e-01
9.681112766265869141e-01
9.680523872375488281e-01
9.679936170578002930e-01
9.679355025291442871e-01
9.678781032562255859e-01
9.678205847740173340e-01
9.677631855010986328e-01
9.677049517631530762e-01
9.676461219787597656e-01
9.675865173339843750e-01
9.675280451774597168e-01
9.674694538116455078e-01
9.674108028411865234e-01
9.673514962196350098e-01
9.672915339469909668e-01
9.672305583953857422e-01
9.671686291694641113e-01
9.671064019203186035e-01
9.670437574386596680e-01
9.669814109802246094e-01
9.669195413589477539e-01
9.668594598770141602e-01
9.667997956275939941e-01
9.667375087738037109e-01
9.666726589202880859e-01
9.666055440902709961e-01
9.665387868881225586e-01
9.664772748947143555e-01
9.664238691329956055e-01
9.663703441619873047e-01
9.663141369819641113e-01
9.662558436393737793e-01
9.661954641342163086e-01
9.661325216293334961e-01
9.660692214965820312e-01
9.660061597824096680e-01
9.659451246261596680e-01
9.658863544464111328e-01
9.658276438713073730e-01
9.657683968544006348e-01
9.657082557678222656e-01
9.656465053558349609e-01
9.655852913856506348e-01
9.655239582061767578e-01
9.654616713523864746e-01
9.653986096382141113e-01
9.653345346450805664e-01
9.652701616287231445e-01
9.652065038681030273e-01
9.651424288749694824e-01
9.650781154632568359e-01
9.650167822837829590e-01
9.649603366851806641e-01
9.649059772491455078e-01
9.648504257202148438e-01
9.647930860519409180e-01
9.647344350814819336e-01
9.646755456924438477e-01
9.646165370941162109e-01
9.645595550537109375e-01
9.645034074783325195e-01
9.644475579261779785e-01
9.643915295600891113e-01
9.643359780311584473e-01
9.642807245254516602e-01
9.642249345779418945e-01
9.641695022583007812e-01
9.641133546829223633e-01
9.640575051307678223e-01
9.640012979507446289e-01
9.639441370964050293e-01
9.638874530792236328e-01
9.638296365737915039e-01
9.637707471847534180e-01
9.637084603309631348e-01
9.636448621749877930e-01
9.635809063911437988e-01
9.635176658630371094e-01
9.634621739387512207e-01
9.634128808975219727e-01
9.633573293685913086e-01
9.632917046546936035e-01
9.632278680801391602e-01
9.631691575050354004e-01
9.631070494651794434e-01
9.630388021469116211e-01
9.629698395729064941e-01
9.629066586494445801e-01
9.628517031669616699e-01
9.627969264984130859e-01
9.627366662025451660e-01
9.626722335815429688e-01
9.626081585884094238e-01
9.625452756881713867e-01
9.624842405319213867e-01
9.624228477478027344e-01
9.623571038246154785e-01
9.622890353202819824e-01
9.622210860252380371e-01
9.621558189392089844e-01
9.620939493179321289e-01
9.620317220687866211e-01
9.619677662849426270e-01
9.619012475013732910e-01
9.618239998817443848e-01
9.617486596107482910e-01
9.616739749908447266e-01
9.616029262542724609e-01
9.615322351455688477e-01
9.614600539207458496e-01
9.613855481147766113e-01
9.613130688667297363e-01
9.612415432929992676e-01
9.611702561378479004e-01
9.610981941223144531e-01
9.610235691070556641e-01
9.609478712081909180e-01
9.608749747276306152e-01
9.608117938041687012e-01
9.607905745506286621e-01
9.608870148658752441e-01
9.606546759605407715e-01
9.605615735054016113e-01
9.605759978294372559e-01
9.603763818740844727e-01
9.604445695877075195e-01
9.604629874229431152e-01
9.602333903312683105e-01
9.603053927421569824e-01
9.600380063056945801e-01
9.601055979728698730e-01
9.599258303642272949e-01
9.599272012710571289e-01
9.597612023353576660e-01
9.597596526145935059e-01
9.596287012100219727e-01
9.595694541931152344e-01
9.594739079475402832e-01
9.594233036041259766e-01
9.593292474746704102e-01
9.592179059982299805e-01
9.591795802116394043e-01
9.590862989425659180e-01
9.590129256248474121e-01
9.589136838912963867e-01
9.588587880134582520e-01
9.587699770927429199e-01
9.586768746376037598e-01
9.586138725280761719e-01
9.585289955139160156e-01
9.584447741508483887e-01
9.583774209022521973e-01
9.582880139350891113e-01
9.582002162933349609e-01
9.581227302551269531e-01
9.580351114273071289e-01
9.579505920410156250e-01
9.578707814216613770e-01
9.577851295471191406e-01
9.576996564865112305e-01
9.576153159141540527e-01
9.575316309928894043e-01
9.574445486068725586e-01
9.573573470115661621e-01
9.572707414627075195e-01
9.571844935417175293e-01
9.570959806442260742e-01
9.570060968399047852e-01
9.569178223609924316e-01
9.568279981613159180e-01
9.567376375198364258e-01
9.566489458084106445e-01
9.565590620040893555e-01
9.564661383628845215e-01
9.563734531402587891e-01
9.562811851501464844e-01
9.561883807182312012e-01
9.560919404029846191e-01
9.559952020645141602e-01
9.558975100517272949e-01
9.557995200157165527e-01
9.557039737701416016e-01
9.556081891059875488e-01
9.555088281631469727e-01
9.554080963134765625e-01
9.553078413009643555e-01
9.552060365676879883e-01
9.551054835319519043e-01
9.550051689147949219e-01
9.549047350883483887e-01
9.548043012619018555e-01
9.547061920166015625e-01
9.546073079109191895e-01
9.545145034790039062e-01
9.544324278831481934e-01
9.543750882148742676e-01
9.542757272720336914e-01
9.541580677032470703e-01
9.539949297904968262e-01
9.538786411285400391e-01
9.538126587867736816e-01
9.537613987922668457e-01
9.537253975868225098e-01
9.535463452339172363e-01
9.533705115318298340e-01
9.532885551452636719e-01
9.532292485237121582e-01
9.531124830245971680e-01
9.529456496238708496e-01
9.528530836105346680e-01
9.528148770332336426e-01
9.526990652084350586e-01
9.525600671768188477e-01
9.524126052856445312e-01
9.523347616195678711e-01
9.522438645362854004e-01
9.520959258079528809e-01
9.519625306129455566e-01
9.518624544143676758e-01
9.517768621444702148e-01
9.516837596893310547e-01
9.515281915664672852e-01
9.513986110687255859e-01
9.513090848922729492e-01
9.512196183204650879e-01
9.511241316795349121e-01
9.509662985801696777e-01
9.508136510848999023e-01
9.506961703300476074e-01
9.506061673164367676e-01
9.505005478858947754e-01
9.503616690635681152e-01
9.502203464508056641e-01
9.500914216041564941e-01
9.499818086624145508e-01
9.498876333236694336e-01
9.497878551483154297e-01
9.496682286262512207e-01
9.495117664337158203e-01
9.493652582168579102e-01
9.492316842079162598e-01
9.491171240806579590e-01
9.490126967430114746e-01
9.489122629165649414e-01
9.488178491592407227e-01
9.486632347106933594e-01
9.484999775886535645e-01
9.483425617218017578e-01
9.482250809669494629e-01
9.481421113014221191e-01
9.480587840080261230e-01
9.479852318763732910e-01
9.478302597999572754e-01
9.476468563079833984e-01
9.474586844444274902e-01
9.473501443862915039e-01
9.472927451133728027e-01
9.472096562385559082e-01
9.471402168273925781e-01
9.469359517097473145e-01
9.467021822929382324e-01
9.465661644935607910e-01
9.465240836143493652e-01
9.464548230171203613e-01
9.462622404098510742e-01
9.460608959197998047e-01
9.459297060966491699e-01
9.458550214767456055e-01
9.457666873931884766e-01
9.456158876419067383e-01
9.454425573348999023e-01
9.452986121177673340e-01
9.451941847801208496e-01
9.451002478599548340e-01
9.450024366378784180e-01
9.448773860931396484e-01
9.447507262229919434e-01
9.446086287498474121e-01
9.444633722305297852e-01
9.443257451057434082e-01
9.442024230957031250e-01
9.440923333168029785e-01
9.439887404441833496e-01
9.438906311988830566e-01
9.438018202781677246e-01
9.437332749366760254e-01
9.437059164047241211e-01
9.437249898910522461e-01
9.437407255172729492e-01
9.435318708419799805e-01
9.431684613227844238e-01
9.429711699485778809e-01
9.429988861083984375e-01
9.430171847343444824e-01
9.428140521049499512e-01
9.425732493400573730e-01
9.424946308135986328e-01
9.425096511840820312e-01
9.424242973327636719e-01
9.422195553779602051e-01
9.420629143714904785e-01
9.420313835144042969e-01
9.419930577278137207e-01
9.418523311614990234e-01
9.416904449462890625e-01
9.415943026542663574e-01
9.415494203567504883e-01
9.414811730384826660e-01
9.413554072380065918e-01
9.412204027175903320e-01
9.411182999610900879e-01
9.410513043403625488e-01
9.409894943237304688e-01
9.408988356590270996e-01
9.407907724380493164e-01
9.406795501708984375e-01
9.405777454376220703e-01
9.404895305633544922e-01
9.404097199440002441e-01
9.403376579284667969e-01
9.402715563774108887e-01
9.402052164077758789e-01
9.401420354843139648e-01
9.400827884674072266e-01
9.400289654731750488e-01
9.399814605712890625e-01
9.399390220642089844e-01
9.398729205131530762e-01
9.397599101066589355e-01
9.396103024482727051e-01
9.394664168357849121e-01
9.393484592437744141e-01
9.392675757408142090e-01
9.392119646072387695e-01
9.391677379608154297e-01
9.391191005706787109e-01
9.390696287155151367e-01
9.390178918838500977e-01
9.389527440071105957e-01
9.388738274574279785e-01
9.387805461883544922e-01
9.386777281761169434e-01
9.385728240013122559e-01
9.384733438491821289e-01
9.383872747421264648e-01
9.383089542388916016e-01
9.382351636886596680e-01
9.381639957427978516e-01
9.380946159362792969e-01
9.380263686180114746e-01
9.379584789276123047e-01
9.378940463066101074e-01
9.378331899642944336e-01
9.377875328063964844e-01
9.377698302268981934e-01
9.378442764282226562e-01
9.381067752838134766e-01
9.386650323867797852e-01
9.389394521713256836e-01
9.382725358009338379e-01
9.373513460159301758e-01
9.377603530883789062e-01
9.381808042526245117e-01
9.374206066131591797e-01
9.372237324714660645e-01
9.377195835113525391e-01
9.373316764831542969e-01
9.369828104972839355e-01
9.373372793197631836e-01
9.371491074562072754e-01
9.368168711662292480e-01
9.370407462120056152e-01
9.369339346885681152e-01
9.366673827171325684e-01
9.367977976799011230e-01
9.367387294769287109e-01
9.365225434303283691e-01
9.365906119346618652e-01
9.365456104278564453e-01
9.363752603530883789e-01
9.363992214202880859e-01
9.363747835159301758e-01
9.362326860427856445e-01
9.362177252769470215e-01
9.362059831619262695e-01
9.360894560813903809e-01
9.360345005989074707e-01
9.360287785530090332e-01
9.359412193298339844e-01
9.358620643615722656e-01
9.358419179916381836e-01
9.357855319976806641e-01
9.356998205184936523e-01
9.356521368026733398e-01
9.356129169464111328e-01
9.355401992797851562e-01
9.354693293571472168e-01
9.354224801063537598e-01
9.353703260421752930e-01
9.352996349334716797e-01
9.352344870567321777e-01
9.351822733879089355e-01
9.351286888122558594e-01
9.350661039352416992e-01
9.350078105926513672e-01
9.349595904350280762e-01
9.349126219749450684e-01
9.348605871200561523e-01
9.348062872886657715e-01
9.347548484802246094e-01
9.347061514854431152e-01
9.346548318862915039e-01
9.346005320549011230e-01
9.345463514328002930e-01
9.344936609268188477e-01
9.344415068626403809e-01
9.343864321708679199e-01
9.343301057815551758e-01
9.342751502990722656e-01
9.342212677001953125e-01
9.341680407524108887e-01
9.341129064559936523e-01
9.340573549270629883e-01
9.340007305145263672e-01
9.339411258697509766e-01
9.338817000389099121e-01
9.338192939758300781e-01
9.337567090988159180e-01
9.336932897567749023e-01
9.336303472518920898e-01
9.335700869560241699e-01
9.335084557533264160e-01
9.334473609924316406e-01
9.333832859992980957e-01
9.333224296569824219e-01
9.332639575004577637e-01
9.332079291343688965e-01
9.331552982330322266e-01
9.331096410751342773e-01
9.330685734748840332e-01
9.330365657806396484e-01
9.330208301544189453e-01
9.330417513847351074e-01
9.331411123275756836e-01
9.334019422531127930e-01
9.337991476058959961e-01
9.342661499977111816e-01
9.339213967323303223e-01
9.330558180809020996e-01
9.326362609863281250e-01
9.331246018409729004e-01
9.334384202957153320e-01
9.328271746635437012e-01
9.325018525123596191e-01
9.329054355621337891e-01
9.329329729080200195e-01
9.324733018875122070e-01
9.324340224266052246e-01
9.326958060264587402e-01
9.325204491615295410e-01
9.322573542594909668e-01
9.323847293853759766e-01
9.324665665626525879e-01
9.322324991226196289e-01
9.321495890617370605e-01
9.322708845138549805e-01
9.322246909141540527e-01
9.320504069328308105e-01
9.320479035377502441e-01
9.321118593215942383e-01
9.320303797721862793e-01
9.319183826446533203e-01
9.319272637367248535e-01
9.319499731063842773e-01
9.318807125091552734e-01
9.318016767501831055e-01
9.317996501922607422e-01
9.318106770515441895e-01
9.317550659179687500e-01
9.316905736923217773e-01
9.316725134849548340e-01
9.316720962524414062e-01
9.316413998603820801e-01
9.315887093544006348e-01
9.315519332885742188e-01
9.315438270568847656e-01
9.315245151519775391e-01
9.314886331558227539e-01
9.314470887184143066e-01
9.314220547676086426e-01
9.314050078392028809e-01
9.313828349113464355e-01
9.313504695892333984e-01
9.313163161277770996e-01
9.312899112701416016e-01
9.312693476676940918e-01
9.312485456466674805e-01
9.312206506729125977e-01
9.311907291412353516e-01
9.311602115631103516e-01
9.311348795890808105e-01
9.311113357543945312e-01
9.310890436172485352e-01
9.310658574104309082e-01
9.310399293899536133e-01
9.310126304626464844e-01
9.309845566749572754e-01
9.309563040733337402e-01
9.309308528900146484e-01
9.309057593345642090e-01
9.308825731277465820e-01
9.308594465255737305e-01
9.308359026908874512e-01
9.308125972747802734e-01
9.307887554168701172e-01
9.307641386985778809e-01
9.307391047477722168e-01
9.307134747505187988e-01
9.306875467300415039e-01
9.306635856628417969e-01
9.306395053863525391e-01
9.306154251098632812e-01
9.305930733680725098e-01
9.305709600448608398e-01
9.305536150932312012e-01
9.305409193038940430e-01
9.305422902107238770e-01
9.305625557899475098e-01
9.306141734123229980e-01
9.307293891906738281e-01
9.309579730033874512e-01
9.311986565589904785e-01
9.314953088760375977e-01
9.313588738441467285e-01
9.309373497962951660e-01
9.303695559501647949e-01
9.303038716316223145e-01
9.306499958038330078e-01
9.307962656021118164e-01
9.305410385131835938e-01
9.301869869232177734e-01
9.302159547805786133e-01
9.304557442665100098e-01
9.304224848747253418e-01
9.301636219024658203e-01
9.300333261489868164e-01
9.301486611366271973e-01
9.302363991737365723e-01
9.301058053970336914e-01
9.299452900886535645e-01
9.299370646476745605e-01
9.300149679183959961e-01
9.300175905227661133e-01
9.299064874649047852e-01
9.298109412193298340e-01
9.298148155212402344e-01
9.298555254936218262e-01
9.298417568206787109e-01
9.297580122947692871e-01
9.296882748603820801e-01
9.296765327453613281e-01
9.296937584877014160e-01
9.296851754188537598e-01
9.296336174011230469e-01
9.295716285705566406e-01
9.295417666435241699e-01
9.295399188995361328e-01
9.295333623886108398e-01
9.295051693916320801e-01
9.294596314430236816e-01
9.294186234474182129e-01
9.293918609619140625e-01
9.293769598007202148e-01
9.293641448020935059e-01
9.293411970138549805e-01
9.293102025985717773e-01
9.292756319046020508e-01
9.292424917221069336e-01
9.292135238647460938e-01
9.291909337043762207e-01
9.291713833808898926e-01
9.291524291038513184e-01
9.291309714317321777e-01
9.291095137596130371e-01
9.290841817855834961e-01
9.290565848350524902e-01
9.290261268615722656e-01
9.289975762367248535e-01
9.289687275886535645e-01
9.289423227310180664e-01
9.289150238037109375e-01
9.288902282714843750e-01
9.288668632507324219e-01
9.288499951362609863e-01
9.288379549980163574e-01
9.288400411605834961e-01
9.288552999496459961e-01
9.288949966430664062e-01
9.289643168449401855e-01
9.291051626205444336e-01
9.292406439781188965e-01
9.294678568840026855e-01
9.294683933258056641e-01
9.293684959411621094e-01
9.289395809173583984e-01
9.285909533500671387e-01
9.285201430320739746e-01
9.286932349205017090e-01
9.288746714591979980e-01
9.288181066513061523e-01
9.286018610000610352e-01
9.284008145332336426e-01
9.283913969993591309e-01
9.285061359405517578e-01
9.285749197006225586e-01
9.285192489624023438e-01
9.283612966537475586e-01
9.282459616661071777e-01
9.282400012016296387e-01
9.282926321029663086e-01
9.283210039138793945e-01
9.282706975936889648e-01
9.281824827194213867e-01
9.281077980995178223e-01
9.280738234519958496e-01
9.280825257301330566e-01
9.281032681465148926e-01
9.281091690063476562e-01
9.280826449394226074e-01
9.280319809913635254e-01
9.279657602310180664e-01
9.279133677482604980e-01
9.278835058212280273e-01
9.278749227523803711e-01
9.278724789619445801e-01
9.278671741485595703e-01
9.278535246849060059e-01
9.278289675712585449e-01
9.277970790863037109e-01
9.277607798576354980e-01
9.277241826057434082e-01
9.276896715164184570e-01
9.276579022407531738e-01
9.276303052902221680e-01
9.276037216186523438e-01
9.275796413421630859e-01
9.275557994842529297e-01
9.275330901145935059e-01
9.275101423263549805e-01
9.274869561195373535e-01
9.274642467498779297e-01
9.274410605430603027e-01
9.274180531501770020e-01
9.273949861526489258e-01
9.273725152015686035e-01
9.273515939712524414e-01
9.273333549499511719e-01
9.273224472999572754e-01
9.273267388343811035e-01
9.273609519004821777e-01
9.274778366088867188e-01
9.277209043502807617e-01
9.283192157745361328e-01
9.291226863861083984e-01
9.306283593177795410e-01
9.299700260162353516e-01
9.283751845359802246e-01
9.270969033241271973e-01
9.282445907592773438e-01
9.290333986282348633e-01
9.274721741676330566e-01
9.272578954696655273e-01
9.283019304275512695e-01
9.276075959205627441e-01
9.269917607307434082e-01
9.276473522186279297e-01
9.275131225585937500e-01
9.269225001335144043e-01
9.272134900093078613e-01
9.273204803466796875e-01
9.269044399261474609e-01
9.269340634346008301e-01
9.271510839462280273e-01
9.269188642501831055e-01
9.267714023590087891e-01
9.269607663154602051e-01
9.269171357154846191e-01
9.267036318778991699e-01
9.267729520797729492e-01
9.268447756767272949e-01
9.266825318336486816e-01
9.266371130943298340e-01
9.267201423645019531e-01
9.266566038131713867e-01
9.265586137771606445e-01
9.265840053558349609e-01
9.265972971916198730e-01
9.265220165252685547e-01
9.264803528785705566e-01
9.265069365501403809e-01
9.264861941337585449e-01
9.264211654663085938e-01
9.264083504676818848e-01
9.264153838157653809e-01
9.263767004013061523e-01
9.263353943824768066e-01
9.263318777084350586e-01
9.263199567794799805e-01
9.262825846672058105e-01
9.262555837631225586e-01
9.262458086013793945e-01
9.262277483940124512e-01
9.261965155601501465e-01
9.261741042137145996e-01
9.261626601219177246e-01
9.261440038681030273e-01
9.261153340339660645e-01
9.260918498039245605e-01
9.260774850845336914e-01
9.260591864585876465e-01
9.260324835777282715e-01
9.260057210922241211e-01
9.259877800941467285e-01
9.259706735610961914e-01
9.259477853775024414e-01
9.259237647056579590e-01
9.259062409400939941e-01
9.258894324302673340e-01
9.258691668510437012e-01
9.258453845977783203e-01
9.258247017860412598e-01
9.258055090904235840e-01
9.257855415344238281e-01
9.257635474205017090e-01
9.257413744926452637e-01
9.257199168205261230e-01
9.257006645202636719e-01
9.256814122200012207e-01
