1.013891220092773438e+00
1.012612581253051758e+00
1.011460542678833008e+00
1.010379672050476074e+00
1.009367108345031738e+00
1.008422613143920898e+00
1.007543683052062988e+00
1.006729245185852051e+00
1.005981206893920898e+00
1.005300641059875488e+00
1.004674792289733887e+00
1.004103660583496094e+00
1.003579258918762207e+00
1.003098845481872559e+00
1.002658128738403320e+00
1.002254009246826172e+00
1.001884818077087402e+00
1.001549720764160156e+00
1.001246213912963867e+00
1.000972151756286621e+00
1.000724673271179199e+00
1.000501394271850586e+00
1.000300407409667969e+00
1.000118732452392578e+00
9.999542236328125000e-01
9.998048543930053711e-01
9.996684193611145020e-01
9.995431900024414062e-01
9.994320869445800781e-01
9.993297457695007324e-01
9.992294907569885254e-01
9.991333484649658203e-01
9.990404844284057617e-01
9.989500045776367188e-01
9.988607764244079590e-01
9.987719655036926270e-01
9.986826181411743164e-01
9.985923171043395996e-01
9.985002875328063965e-01
9.984056949615478516e-01
9.983078241348266602e-01
9.982063770294189453e-01
9.981059432029724121e-01
9.979974031448364258e-01
9.978733658790588379e-01
9.977448582649230957e-01
9.976142048835754395e-01
9.974768757820129395e-01
9.973348975181579590e-01
9.971860051155090332e-01
9.970296025276184082e-01
9.968665838241577148e-01
9.966983795166015625e-01
9.965234994888305664e-01
9.963418841361999512e-01
9.961528182029724121e-01
9.959560632705688477e-01
9.957515597343444824e-01
9.955408573150634766e-01
9.953235387802124023e-01
9.950985312461853027e-01
9.948641657829284668e-01
9.946202635765075684e-01
9.943675994873046875e-01
9.941055178642272949e-01
9.938346147537231445e-01
9.935559630393981934e-01
9.932708740234375000e-01
9.929789304733276367e-01
9.926789402961730957e-01
9.923794865608215332e-01
9.920685887336730957e-01
9.917507171630859375e-01
9.914250373840332031e-01
9.910841584205627441e-01
9.907366633415222168e-01
9.903815388679504395e-01
9.900193810462951660e-01
9.896567463874816895e-01
9.892935156822204590e-01
9.889273643493652344e-01
9.885597825050354004e-01
9.881920814514160156e-01
9.878219962120056152e-01
9.874479770660400391e-01
9.870712161064147949e-01
9.866979122161865234e-01
9.863288998603820801e-01
9.859635233879089355e-01
9.856026172637939453e-01
9.852468371391296387e-01
9.848958849906921387e-01
9.845512509346008301e-01
9.842135310173034668e-01
9.838828444480895996e-01
9.835589528083801270e-01
9.832426309585571289e-01
9.829334616661071777e-01
9.826319813728332520e-01
9.823381304740905762e-01
9.820548295974731445e-01
9.817825555801391602e-01
9.815222620964050293e-01
9.812754988670349121e-01
9.810402393341064453e-01
9.807915687561035156e-01
9.805296659469604492e-01
9.802731275558471680e-01
9.800257086753845215e-01
9.797870516777038574e-01
9.795572161674499512e-01
9.793327450752258301e-01
9.791227579116821289e-01
9.789282679557800293e-01
9.787448644638061523e-01
9.785696864128112793e-01
9.783984422683715820e-01
9.782313108444213867e-01
9.780683517456054688e-01
9.779087305068969727e-01
9.777554869651794434e-01
9.776089191436767578e-01
9.774715900421142578e-01
9.773420691490173340e-01
9.772180914878845215e-01
9.770988225936889648e-01
9.769845008850097656e-01
9.768739938735961914e-01
9.767642617225646973e-01
9.766551256179809570e-01
9.765473604202270508e-01
9.764402508735656738e-01
9.763348102569580078e-01
9.762308597564697266e-01
9.761294126510620117e-01
9.760302305221557617e-01
9.759343862533569336e-01
9.758415818214416504e-01
9.757515192031860352e-01
9.756631255149841309e-01
9.755756855010986328e-01
9.754890203475952148e-01
9.754036068916320801e-01
9.753189086914062500e-01
9.752347469329833984e-01
9.751511216163635254e-01
9.750678539276123047e-01
9.749850630760192871e-01
9.749022722244262695e-01
9.748196601867675781e-01
9.747369289398193359e-01
9.746547341346740723e-01
9.745730161666870117e-01
9.744912981986999512e-01
9.744094610214233398e-01
9.743281006813049316e-01
9.742462038993835449e-01
9.741640686988830566e-01
9.740819931030273438e-01
9.739998579025268555e-01
9.739184975624084473e-01
9.738374352455139160e-01
9.737553596496582031e-01
9.736732244491577148e-01
9.735910296440124512e-01
9.735081195831298828e-01
9.734249711036682129e-01
9.733420610427856445e-01
9.732601046562194824e-01
9.731779098510742188e-01
9.730963706970214844e-01
9.730154871940612793e-01
9.729353785514831543e-01
9.728553891181945801e-01
9.727757573127746582e-01
9.726966619491577148e-01
9.726174473762512207e-01
9.725379347801208496e-01
9.724583029747009277e-01
9.723801612854003906e-01
9.723033905029296875e-01
9.722267985343933105e-01
9.721503257751464844e-01
9.720743298530578613e-01
9.719986915588378906e-01
9.719232916831970215e-01
9.718484878540039062e-01
9.717740416526794434e-01
9.716998338699340820e-01
9.716259837150573730e-01
9.715529084205627441e-01
9.714809656143188477e-01
9.714100360870361328e-01
9.713398218154907227e-01
9.712697863578796387e-01
9.712009429931640625e-01
9.711326956748962402e-01
9.710646867752075195e-01
9.709970951080322266e-01
9.709300398826599121e-01
9.708635210990905762e-01
9.707974791526794434e-01
9.707314968109130859e-01
9.706655740737915039e-01
9.705998301506042480e-01
9.705341458320617676e-01
9.704682230949401855e-01
9.704024791717529297e-01
9.703364372253417969e-01
9.702705144882202148e-01
9.702048897743225098e-01
9.701392054557800293e-01
9.700732827186584473e-01
9.700084328651428223e-01
9.699412584304809570e-01
9.698731899261474609e-01
9.698060750961303711e-01
9.697366356849670410e-01
9.696659445762634277e-01
9.695980548858642578e-01
9.695340991020202637e-01
9.694726467132568359e-01
9.694105386734008789e-01
9.693470597267150879e-01
9.692816734313964844e-01
9.692145586013793945e-01
9.691470861434936523e-01
9.690793156623840332e-01
9.690116047859191895e-01
9.689439535140991211e-01
9.688769578933715820e-01
9.688090682029724121e-01
9.687404036521911621e-01
9.686715602874755859e-01
9.686021208763122559e-01
9.685299396514892578e-01
9.684584736824035645e-01
9.683865904808044434e-01
9.683142900466918945e-01
9.682419300079345703e-01
9.681697487831115723e-01
9.680981636047363281e-01
9.680265784263610840e-01
9.679546952247619629e-01
9.678825139999389648e-01
9.678099155426025391e-01
9.677372574806213379e-01
9.676640033721923828e-01
9.675900340080261230e-01
9.675154089927673340e-01
9.674403071403503418e-01
9.673643112182617188e-01
9.672874808311462402e-01
9.672095775604248047e-01
9.671311378479003906e-01
9.670516252517700195e-01
9.669707417488098145e-01
9.668892025947570801e-01
9.668070673942565918e-01
9.667237997055053711e-01
9.666401743888854980e-01
9.665557146072387695e-01
9.664698243141174316e-01
9.663830995559692383e-01
9.662952423095703125e-01
9.662066102027893066e-01
9.661165475845336914e-01
9.660255312919616699e-01
9.659332633018493652e-01
9.658401608467102051e-01
9.657462835311889648e-01
9.656507968902587891e-01
9.655551910400390625e-01
9.654609560966491699e-01
9.653667211532592773e-01
9.652720093727111816e-01
9.651769399642944336e-01
9.650816321372985840e-01
9.649855494499206543e-01
9.648880362510681152e-01
9.647887945175170898e-01
9.646882414817810059e-01
9.645869135856628418e-01
9.644836187362670898e-01
9.643784165382385254e-01
9.642717838287353516e-01
9.641661643981933594e-01
9.640611410140991211e-01
9.639536738395690918e-01
9.638438224792480469e-01
9.637330770492553711e-01
9.636211991310119629e-01
9.635099172592163086e-01
9.633958935737609863e-01
9.632810354232788086e-01
9.631660580635070801e-01
9.630508422851562500e-01
9.629335403442382812e-01
9.628169536590576172e-01
9.627019762992858887e-01
9.625867605209350586e-01
9.624710679054260254e-01
9.623558521270751953e-01
9.622414112091064453e-01
9.621266126632690430e-01
9.620119929313659668e-01
9.618973135948181152e-01
9.617832303047180176e-01
9.616683125495910645e-01
9.615534543991088867e-01
9.614386558532714844e-01
9.613233208656311035e-01
9.612075090408325195e-01
9.610928297042846680e-01
9.609780907630920410e-01
9.608623981475830078e-01
9.607478380203247070e-01
9.606342315673828125e-01
9.605200886726379395e-01
9.604051709175109863e-01
9.602910280227661133e-01
9.601765871047973633e-01
9.600611925125122070e-01
9.599452018737792969e-01
9.598295092582702637e-01
9.597143530845642090e-01
9.595987796783447266e-01
9.594821929931640625e-01
9.593638777732849121e-01
9.592458009719848633e-01
9.591277837753295898e-01
9.590078592300415039e-01
9.588880538940429688e-01
9.587719440460205078e-01
9.586595892906188965e-01
9.585477709770202637e-01
9.584340453147888184e-01
9.583203792572021484e-01
9.582060575485229492e-01
9.580908417701721191e-01
9.579758048057556152e-01
9.578598141670227051e-01
9.577431678771972656e-01
9.576291441917419434e-01
9.575168490409851074e-01
9.574038982391357422e-01
9.572880864143371582e-01
9.571697115898132324e-01
9.570521116256713867e-01
9.569334387779235840e-01
9.568127393722534180e-01
9.566877484321594238e-01
9.565610885620117188e-01
9.564369916915893555e-01
9.563191533088684082e-01
9.562059640884399414e-01
9.560945034027099609e-01
9.559842944145202637e-01
9.558729529380798340e-01
9.557610750198364258e-01
9.556462764739990234e-01
9.555298686027526855e-01
9.554136991500854492e-01
9.552992582321166992e-01
9.551858901977539062e-01
9.550736546516418457e-01
9.549630880355834961e-01
9.548533558845520020e-01
9.547442197799682617e-01
9.546346068382263184e-01
9.545235633850097656e-01
9.544130563735961914e-01
9.543022513389587402e-01
9.541877508163452148e-01
9.540744423866271973e-01
9.539632797241210938e-01
9.538542032241821289e-01
9.537451863288879395e-01
9.536357522010803223e-01
9.535277485847473145e-01
9.534227848052978516e-01
9.533188343048095703e-01
9.532095193862915039e-01
9.531019926071166992e-01
9.529972672462463379e-01
9.528912305831909180e-01
9.527844786643981934e-01
9.526787996292114258e-01
9.525742530822753906e-01
9.524707794189453125e-01
9.523660540580749512e-01
9.522625803947448730e-01
9.521598815917968750e-01
9.520576000213623047e-01
9.519567489624023438e-01
9.518561959266662598e-01
9.517589807510375977e-01
9.516699910163879395e-01
9.515820741653442383e-01
9.514644145965576172e-01
9.513553380966186523e-01
9.512667655944824219e-01
9.511648416519165039e-01
9.510591030120849609e-01
9.509618878364562988e-01
9.508654475212097168e-01
9.507584571838378906e-01
9.506556987762451172e-01
9.505500197410583496e-01
9.504402875900268555e-01
9.503364562988281250e-01
9.502276778221130371e-01
9.501168727874755859e-01
9.500066637992858887e-01
9.498998522758483887e-01
9.497904777526855469e-01
9.496768712997436523e-01
9.495647549629211426e-01
9.494572877883911133e-01
9.493460655212402344e-01
9.492349624633789062e-01
9.491214156150817871e-01
9.490075111389160156e-01
9.488947987556457520e-01
9.487836956977844238e-01
9.486708641052246094e-01
9.485570192337036133e-01
9.484443664550781250e-01
9.483302831649780273e-01
9.482138156890869141e-01
9.480993151664733887e-01
9.479823112487792969e-01
9.478638172149658203e-01
9.477444887161254883e-01
9.476314187049865723e-01
9.475223422050476074e-01
9.474114775657653809e-01
9.472969174385070801e-01
9.471778273582458496e-01
9.470579028129577637e-01
9.469317197799682617e-01
9.468093514442443848e-01
9.466800093650817871e-01
9.465512633323669434e-01
9.464154243469238281e-01
9.462707042694091797e-01
9.461339712142944336e-01
9.459989666938781738e-01
9.458711743354797363e-01
9.457440972328186035e-01
9.456151127815246582e-01
9.454863667488098145e-01
9.453623890876770020e-01
9.452342391014099121e-01
9.451029896736145020e-01
9.449659585952758789e-01
9.448310136795043945e-01
9.447009563446044922e-01
9.445671439170837402e-01
9.444212913513183594e-01
9.442767500877380371e-01
9.441362023353576660e-01
9.439998865127563477e-01
9.438604116439819336e-01
9.437198042869567871e-01
9.435790181159973145e-01
9.434394836425781250e-01
9.433001875877380371e-01
9.431626200675964355e-01
9.430475831031799316e-01
9.429901838302612305e-01
9.429212212562561035e-01
9.427118301391601562e-01
9.424891471862792969e-01
9.424615502357482910e-01
9.422968626022338867e-01
9.421111345291137695e-01
9.420709013938903809e-01
9.418886899948120117e-01
9.417575597763061523e-01
9.416787028312683105e-01
9.414927363395690918e-01
9.414066672325134277e-01
9.412820339202880859e-01
9.411294460296630859e-01
9.410480856895446777e-01
9.408998489379882812e-01
9.407854080200195312e-01
9.406872987747192383e-01
9.405453801155090332e-01
9.404500126838684082e-01
9.403358697891235352e-01
9.402093291282653809e-01
9.401063323020935059e-01
9.399871230125427246e-01
9.398830533027648926e-01
9.397713541984558105e-01
9.396557807922363281e-01
9.395498633384704590e-01
9.394376873970031738e-01
9.393249750137329102e-01
9.392213225364685059e-01
9.391092658042907715e-01
9.389957785606384277e-01
9.388880133628845215e-01
9.387757182121276855e-01
9.386644363403320312e-01
9.385571479797363281e-01
9.384469389915466309e-01
9.383319020271301270e-01
9.382203221321105957e-01
9.381095170974731445e-01
9.379988908767700195e-01
9.378833770751953125e-01
9.377690553665161133e-01
9.376537203788757324e-01
9.375364780426025391e-01
9.374200701713562012e-01
9.373093843460083008e-01
9.371919035911560059e-01
9.370722174644470215e-01
9.369612932205200195e-01
9.368530511856079102e-01
9.367375373840332031e-01
9.366182088851928711e-01
9.365119934082031250e-01
9.363979697227478027e-01
9.362928867340087891e-01
9.361662864685058594e-01
9.360519051551818848e-01
9.359410405158996582e-01
9.358457326889038086e-01
9.357229471206665039e-01
9.356097579002380371e-01
9.354860186576843262e-01
9.353811144828796387e-01
9.352638125419616699e-01
9.351595044136047363e-01
9.350437521934509277e-01
9.349066615104675293e-01
9.347842931747436523e-01
9.346627593040466309e-01
9.345500469207763672e-01
9.344288110733032227e-01
9.343078136444091797e-01
9.341887831687927246e-01
9.340687990188598633e-01
9.339643120765686035e-01
9.338418841361999512e-01
9.337036609649658203e-01
9.335450530052185059e-01
9.334151744842529297e-01
9.333165884017944336e-01
9.332178235054016113e-01
9.330783486366271973e-01
9.329226016998291016e-01
9.327769279479980469e-01
9.326405525207519531e-01
9.325300455093383789e-01
9.324350953102111816e-01
9.323495030403137207e-01
9.322128891944885254e-01
9.320364594459533691e-01
9.318858981132507324e-01
9.317812919616699219e-01
9.316813945770263672e-01
9.315710067749023438e-01
9.314172267913818359e-01
9.312772750854492188e-01
9.311596155166625977e-01
9.310469627380371094e-01
9.309139251708984375e-01
9.307846426963806152e-01
9.306562542915344238e-01
9.305381178855895996e-01
9.304199218750000000e-01
9.302977919578552246e-01
9.301663637161254883e-01
9.300314784049987793e-01
9.299054145812988281e-01
9.297761917114257812e-01
9.296478033065795898e-01
9.295171499252319336e-01
9.293884038925170898e-01
9.292593002319335938e-01
9.291307926177978516e-01
9.290027618408203125e-01
9.288812279701232910e-01
9.287724494934082031e-01
9.286817908287048340e-01
9.286288619041442871e-01
9.285833239555358887e-01
9.285104274749755859e-01
9.282503724098205566e-01
9.280463457107543945e-01
9.280328750610351562e-01
9.279907941818237305e-01
9.277797341346740723e-01
9.276293516159057617e-01
9.276179671287536621e-01
9.274654388427734375e-01
9.272952675819396973e-01
9.272661805152893066e-01
9.271614551544189453e-01
9.269654750823974609e-01
9.268814325332641602e-01
9.268363714218139648e-01
9.266370534896850586e-01
9.264968037605285645e-01
9.264441728591918945e-01
9.263055920600891113e-01
9.261568188667297363e-01
9.260686039924621582e-01
9.259903430938720703e-01
9.258596897125244141e-01
9.257179498672485352e-01
9.256150126457214355e-01
9.255371093750000000e-01
9.254285693168640137e-01
9.252890944480895996e-01
9.251674413681030273e-01
9.250794053077697754e-01
9.249758720397949219e-01
9.248505830764770508e-01
9.247204065322875977e-01
9.246120452880859375e-01
9.245161414146423340e-01
9.244102239608764648e-01
9.242824912071228027e-01
9.241604804992675781e-01
9.240643382072448730e-01
9.239738583564758301e-01
9.238826036453247070e-01
9.237316846847534180e-01
9.236188530921936035e-01
9.235489964485168457e-01
9.234836697578430176e-01
9.233576655387878418e-01
9.232013821601867676e-01
9.230899214744567871e-01
9.230534434318542480e-01
9.229665994644165039e-01
9.228041172027587891e-01
9.226562380790710449e-01
9.225791096687316895e-01
9.225549101829528809e-01
9.224328398704528809e-01
9.222646355628967285e-01
9.221501350402832031e-01
9.220796227455139160e-01
9.220032095909118652e-01
9.218806028366088867e-01
9.217622280120849609e-01
9.216551184654235840e-01
9.215807914733886719e-01
9.215009808540344238e-01
9.214101433753967285e-01
9.213086366653442383e-01
9.212195277214050293e-01
9.211081266403198242e-01
9.210051298141479492e-01
9.209106564521789551e-01
9.208160042762756348e-01
9.207426309585571289e-01
9.206612706184387207e-01
9.205684661865234375e-01
9.204633831977844238e-01
9.203661084175109863e-01
9.202775955200195312e-01
9.201878905296325684e-01
9.201065301895141602e-01
9.200190901756286621e-01
9.199424386024475098e-01
9.198746085166931152e-01
9.198565483093261719e-01
9.199418425559997559e-01
9.199769496917724609e-01
9.198099970817565918e-01
9.195466041564941406e-01
9.194081425666809082e-01
9.194147586822509766e-01
9.194379448890686035e-01
9.193542003631591797e-01
9.191644787788391113e-01
9.190378189086914062e-01
9.190770387649536133e-01
9.191018939018249512e-01
9.189408421516418457e-01
9.187466502189636230e-01
9.187505841255187988e-01
9.187221527099609375e-01
9.186022877693176270e-01
9.184497594833374023e-01
9.184239506721496582e-01
9.183934926986694336e-01
9.183290600776672363e-01
9.181924462318420410e-01
9.181196689605712891e-01
9.180775880813598633e-01
9.180476069450378418e-01
9.179435372352600098e-01
9.178606867790222168e-01
9.177973270416259766e-01
9.177673459053039551e-01
9.177187681198120117e-01
9.176793694496154785e-01
9.175891876220703125e-01
9.175018668174743652e-01
9.174353480339050293e-01
9.173810482025146484e-01
9.173273444175720215e-01
9.172605872154235840e-01
9.172005057334899902e-01
9.171370267868041992e-01
9.170750379562377930e-01
9.170227050781250000e-01
9.169725179672241211e-01
9.169197082519531250e-01
9.168591499328613281e-01
9.168023467063903809e-01
9.167433977127075195e-01
9.166939854621887207e-01
9.166479110717773438e-01
9.166141748428344727e-01
9.165773987770080566e-01
9.165362119674682617e-01
9.164784550666809082e-01
9.164085984230041504e-01
9.163469672203063965e-01
9.162935614585876465e-01
9.162570238113403320e-01
9.162204265594482422e-01
9.161955118179321289e-01
9.161682128906250000e-01
9.161467552185058594e-01
9.161355495452880859e-01
9.160825014114379883e-01
9.160227775573730469e-01
9.159438610076904297e-01
9.158796668052673340e-01
9.158270359039306641e-01
9.157869815826416016e-01
9.157671928405761719e-01
9.157676100730895996e-01
9.157613515853881836e-01
9.157277941703796387e-01
9.157072305679321289e-01
9.156679511070251465e-01
9.155671000480651855e-01
9.155054688453674316e-01
9.154869318008422852e-01
9.155127406120300293e-01
9.155474305152893066e-01
9.155133366584777832e-01
9.154133796691894531e-01
9.153250455856323242e-01
9.152652025222778320e-01
9.152705669403076172e-01
9.152745604515075684e-01
9.152490496635437012e-01
9.151867628097534180e-01
9.151191711425781250e-01
9.150925874710083008e-01
9.151006937026977539e-01
9.150723218917846680e-01
9.150307774543762207e-01
9.149877429008483887e-01
9.149549603462219238e-01
9.149004817008972168e-01
9.149098396301269531e-01
9.149828553199768066e-01
9.150109887123107910e-01
9.148823618888854980e-01
9.147688150405883789e-01
9.147382378578186035e-01
9.148017168045043945e-01
9.147610068321228027e-01
9.146788716316223145e-01
9.146027565002441406e-01
9.145550131797790527e-01
9.145147204399108887e-01
9.144930243492126465e-01
9.144781827926635742e-01
9.144751429557800293e-01
9.144523143768310547e-01
9.144392609596252441e-01
9.144038558006286621e-01
9.143652915954589844e-01
9.142746329307556152e-01
9.142207503318786621e-01
9.142190814018249512e-01
9.142526388168334961e-01
9.142848253250122070e-01
9.142099618911743164e-01
9.141219854354858398e-01
9.140547513961791992e-01
9.141007661819458008e-01
9.141487479209899902e-01
9.140844345092773438e-01
9.139972925186157227e-01
9.139370322227478027e-01
9.139512181282043457e-01
9.140108823776245117e-01
9.139251708984375000e-01
9.138591885566711426e-01
9.138164520263671875e-01
9.138277769088745117e-01
9.138078093528747559e-01
9.137414097785949707e-01
9.136990904808044434e-01
9.137029647827148438e-01
9.136797189712524414e-01
9.136372804641723633e-01
9.136067628860473633e-01
9.135860204696655273e-01
9.135781526565551758e-01
9.135611653327941895e-01
9.135206937789916992e-01
9.134960174560546875e-01
9.134721755981445312e-01
9.134422540664672852e-01
9.134300947189331055e-01
9.134047627449035645e-01
9.133856296539306641e-01
9.133511781692504883e-01
9.133311510086059570e-01
9.133090376853942871e-01
9.132863283157348633e-01
9.132671952247619629e-01
9.132397770881652832e-01
9.132292270660400391e-01
9.132006764411926270e-01
9.131747484207153320e-01
9.131355285644531250e-01
9.130909442901611328e-01
9.130502343177795410e-01
9.130259752273559570e-01
9.129965305328369141e-01
9.129739403724670410e-01
9.129499197006225586e-01
9.129412174224853516e-01
9.129733443260192871e-01
9.129945039749145508e-01
9.129827618598937988e-01
9.128646254539489746e-01
9.127486348152160645e-01
9.127368927001953125e-01
9.128420948982238770e-01
9.129910469055175781e-01
9.130091667175292969e-01
9.127952456474304199e-01
9.125826358795166016e-01
9.126744866371154785e-01
9.128437042236328125e-01
9.127877354621887207e-01
9.125415682792663574e-01
9.124894142150878906e-01
9.126257896423339844e-01
9.126049280166625977e-01
9.123961329460144043e-01
9.123326539993286133e-01
9.124376177787780762e-01
9.123681783676147461e-01
9.122328162193298340e-01
9.122453331947326660e-01
9.122785925865173340e-01
9.122480750083923340e-01
9.121446609497070312e-01
9.120823740959167480e-01
9.120798110961914062e-01
9.120804071426391602e-01
9.120376110076904297e-01
9.119593501091003418e-01
9.119229912757873535e-01
9.119167327880859375e-01
9.118940830230712891e-01
9.118521809577941895e-01
9.118076562881469727e-01
9.117862582206726074e-01
9.117789864540100098e-01
9.117502570152282715e-01
9.117200374603271484e-01
9.117001891136169434e-01
9.116866588592529297e-01
9.116737842559814453e-01
9.116510748863220215e-01
9.116196036338806152e-01
9.116042256355285645e-01
9.115974903106689453e-01
9.115841984748840332e-01
9.115538597106933594e-01
9.115273356437683105e-01
9.115051627159118652e-01
9.114877581596374512e-01
9.114695191383361816e-01
9.114453792572021484e-01
9.114269018173217773e-01
9.114083051681518555e-01
9.113911986351013184e-01
9.113739728927612305e-01
9.113531708717346191e-01
9.113304018974304199e-01
9.113095402717590332e-01
9.112905859947204590e-01
9.112731814384460449e-01
9.112557768821716309e-01
9.112353920936584473e-01
9.112155437469482422e-01
9.111949205398559570e-01
9.111741781234741211e-01
9.111539125442504883e-01
9.111361503601074219e-01
9.111186265945434570e-01
9.110983014106750488e-01
9.110769629478454590e-01
9.110569953918457031e-01
9.110381603240966797e-01
9.110200405120849609e-01
9.110027551651000977e-01
9.109850525856018066e-01
9.109658598899841309e-01
9.109432697296142578e-01
9.109217524528503418e-01
9.109003543853759766e-01
9.108794331550598145e-01
9.108583927154541016e-01
9.108373522758483887e-01
9.108219146728515625e-01
9.108020663261413574e-01
9.107880592346191406e-01
9.107710123062133789e-01
9.107447266578674316e-01
9.107195734977722168e-01
9.106914401054382324e-01
9.106633663177490234e-01
9.106246232986450195e-01
9.105922579765319824e-01
9.105629920959472656e-01
9.105378985404968262e-01
9.105145931243896484e-01
9.104988574981689453e-01
9.104869961738586426e-01
9.104889631271362305e-01
9.104962944984436035e-01
9.105551838874816895e-01
9.105910658836364746e-01
9.105846285820007324e-01
9.105136394500732422e-01
9.104140400886535645e-01
9.102884531021118164e-01
9.102884531021118164e-01
9.103544950485229492e-01
9.103446006774902344e-01
9.102812409400939941e-01
9.101852178573608398e-01
9.101594686508178711e-01
9.102143645286560059e-01
9.102584719657897949e-01
9.102728366851806641e-01
9.101474285125732422e-01
9.100468158721923828e-01
9.100750684738159180e-01
9.101525545120239258e-01
9.101864695549011230e-01
9.100494384765625000e-01
9.099461436271667480e-01
9.099462628364562988e-01
9.099775552749633789e-01
9.099895954132080078e-01
9.099228978157043457e-01
9.098484516143798828e-01
9.098159670829772949e-01
9.098276495933532715e-01
9.098339676856994629e-01
9.097843170166015625e-01
9.097382426261901855e-01
9.097239375114440918e-01
9.097229838371276855e-01
9.097217321395874023e-01
9.096918702125549316e-01
9.096541404724121094e-01
9.096212387084960938e-01
9.095969200134277344e-01
9.095700979232788086e-01
9.095589518547058105e-01
9.095477461814880371e-01
9.095575213432312012e-01
9.095981717109680176e-01
9.095520973205566406e-01
9.094856977462768555e-01
9.094412326812744141e-01
9.094371795654296875e-01
9.094307422637939453e-01
9.094316363334655762e-01
9.094222187995910645e-01
9.093776345252990723e-01
9.093582630157470703e-01
9.093099832534790039e-01
9.093017578125000000e-01
9.092634916305541992e-01
