1.029608130455017090e+00
1.028277039527893066e+00
1.026986718177795410e+00
1.025737047195434570e+00
1.024527072906494141e+00
1.023356795310974121e+00
1.022224307060241699e+00
1.021129012107849121e+00
1.020070552825927734e+00
1.019050836563110352e+00
1.018070101737976074e+00
1.017125248908996582e+00
1.016215682029724121e+00
1.015340328216552734e+00
1.014497637748718262e+00
1.013686299324035645e+00
1.012905597686767578e+00
1.012154579162597656e+00
1.011433005332946777e+00
1.010739445686340332e+00
1.010072350502014160e+00
1.009430408477783203e+00
1.008812546730041504e+00
1.008219122886657715e+00
1.007649660110473633e+00
1.007102251052856445e+00
1.006574749946594238e+00
1.006066322326660156e+00
1.005577206611633301e+00
1.005107164382934570e+00
1.004654884338378906e+00
1.004222393035888672e+00
1.003811478614807129e+00
1.003420352935791016e+00
1.003046512603759766e+00
1.002691388130187988e+00
1.002353191375732422e+00
1.002026677131652832e+00
1.001712560653686523e+00
1.001415371894836426e+00
1.001138091087341309e+00
1.000884771347045898e+00
1.000646829605102539e+00
1.000419735908508301e+00
1.000202655792236328e+00
1.000000834465026855e+00
9.998086690902709961e-01
9.996254444122314453e-01
9.994489550590515137e-01
9.992783069610595703e-01
9.991139769554138184e-01
9.989546537399291992e-01
9.987992048263549805e-01
9.986469149589538574e-01
9.984976649284362793e-01
9.983508586883544922e-01
9.982049465179443359e-01
9.980584979057312012e-01
9.979099631309509277e-01
9.977580904960632324e-01
9.976029396057128906e-01
9.974467754364013672e-01
9.972899556159973145e-01
9.971324205398559570e-01
9.969729781150817871e-01
9.968112111091613770e-01
9.966480731964111328e-01
9.964847564697265625e-01
9.963205456733703613e-01
9.961538910865783691e-01
9.959832429885864258e-01
9.958085417747497559e-01
9.956301450729370117e-01
9.954492449760437012e-01
9.952670931816101074e-01
9.950839281082153320e-01
9.948986172676086426e-01
9.947092533111572266e-01
9.945161938667297363e-01
9.943194985389709473e-01
9.941198825836181641e-01
9.939156770706176758e-01
9.937052130699157715e-01
9.934893846511840820e-01
9.932710528373718262e-01
9.930514693260192871e-01
9.928295612335205078e-01
9.926039576530456543e-01
9.923729300498962402e-01
9.921354651451110840e-01
9.918914437294006348e-01
9.916417598724365234e-01
9.913896918296813965e-01
9.911386370658874512e-01
9.908863306045532227e-01
9.906334877014160156e-01
9.903811812400817871e-01
9.901324510574340820e-01
9.898880720138549805e-01
9.896485209465026855e-01
9.894118309020996094e-01
9.891778826713562012e-01
9.889486432075500488e-01
9.887247681617736816e-01
9.885036349296569824e-01
9.882808327674865723e-01
9.880580902099609375e-01
9.878330230712890625e-01
9.876054525375366211e-01
9.873791933059692383e-01
9.871508479118347168e-01
9.869210124015808105e-01
9.866946935653686523e-01
9.864726662635803223e-01
9.862525463104248047e-01
9.860276579856872559e-01
9.858099818229675293e-01
9.855982065200805664e-01
9.853919744491577148e-01
9.851919412612915039e-01
9.850012063980102539e-01
9.848172664642333984e-01
9.846387505531311035e-01
9.844653606414794922e-01
9.842997789382934570e-01
9.841406345367431641e-01
9.839870929718017578e-01
9.838388562202453613e-01
9.836934804916381836e-01
9.835496544837951660e-01
9.834067225456237793e-01
9.832653403282165527e-01
9.831232428550720215e-01
9.829800128936767578e-01
9.828349947929382324e-01
9.826905131340026855e-01
9.825470447540283203e-01
9.824038743972778320e-01
9.822616577148437500e-01
9.821221232414245605e-01
9.819865822792053223e-01
9.818539619445800781e-01
9.817243218421936035e-01
9.815976619720458984e-01
9.814733862876892090e-01
9.813514351844787598e-01
9.812313914299011230e-01
9.811138510704040527e-01
9.809982776641845703e-01
9.808843135833740234e-01
9.807717204093933105e-01
9.806603193283081055e-01
9.805501103401184082e-01
9.804404973983764648e-01
9.803310632705688477e-01
9.802224040031433105e-01
9.801148772239685059e-01
9.800083041191101074e-01
9.799020886421203613e-01
9.797966480255126953e-01
9.796921014785766602e-01
9.795883297920227051e-01
9.794848561286926270e-01
9.793818593025207520e-01
9.792798757553100586e-01
9.791777729988098145e-01
9.790761470794677734e-01
9.789749979972839355e-01
9.788742661476135254e-01
9.787738323211669922e-01
9.786739945411682129e-01
9.785748720169067383e-01
9.784762859344482422e-01
9.783776998519897461e-01
9.782795310020446777e-01
9.781811237335205078e-01
9.780829548835754395e-01
9.779836535453796387e-01
9.778844118118286133e-01
9.777852296829223633e-01
9.776862263679504395e-01
9.775877594947814941e-01
9.774888157844543457e-01
9.773901104927062988e-01
9.772914052009582520e-01
9.771927595138549805e-01
9.770939350128173828e-01
9.769959449768066406e-01
9.768987298011779785e-01
9.768011569976806641e-01
9.767042398452758789e-01
9.766083955764770508e-01
9.765130281448364258e-01
9.764180183410644531e-01
9.763236641883850098e-01
9.762290120124816895e-01
9.761341214179992676e-01
9.760400652885437012e-01
9.759472012519836426e-01
9.758540987968444824e-01
9.757611155509948730e-01
9.756650328636169434e-01
9.755737185478210449e-01
9.754861593246459961e-01
9.753968715667724609e-01
9.753032922744750977e-01
9.752073287963867188e-01
9.751116037368774414e-01
9.750168919563293457e-01
9.749230146408081055e-01
9.748278856277465820e-01
9.747312664985656738e-01
9.746338129043579102e-01
9.745382666587829590e-01
9.744445085525512695e-01
9.743502736091613770e-01
9.742553234100341797e-01
9.741600751876831055e-01
9.740651249885559082e-01
9.739713072776794434e-01
9.738783240318298340e-01
9.737862944602966309e-01
9.736950397491455078e-01
9.736038446426391602e-01
9.735128283500671387e-01
9.734219312667846680e-01
9.733313918113708496e-01
9.732413887977600098e-01
9.731521010398864746e-01
9.730632901191711426e-01
9.729754924774169922e-01
9.728883504867553711e-01
9.728018045425415039e-01
9.727153182029724121e-01
9.726298451423645020e-01
9.725453257560729980e-01
9.724613428115844727e-01
9.723771214485168457e-01
9.722928404808044434e-01
9.722089767456054688e-01
9.721256494522094727e-01
9.720422625541687012e-01
9.719586968421936035e-01
9.718750119209289551e-01
9.717915058135986328e-01
9.717075824737548828e-01
9.716232419013977051e-01
9.715385437011718750e-01
9.714533686637878418e-01
9.713671803474426270e-01
9.712801575660705566e-01
9.711926579475402832e-01
9.711041450500488281e-01
9.710146188735961914e-01
9.709237813949584961e-01
9.708328247070312500e-01
9.707415699958801270e-01
9.706487655639648438e-01
9.705543518066406250e-01
9.704594016075134277e-01
9.703627824783325195e-01
9.702648520469665527e-01
9.701656699180603027e-01
9.700651764869689941e-01
9.699611663818359375e-01
9.698544740676879883e-01
9.697464108467102051e-01
9.696366786956787109e-01
9.695226550102233887e-01
9.694025516510009766e-01
9.692784547805786133e-01
9.691525697708129883e-01
9.690248370170593262e-01
9.688960313796997070e-01
9.687634110450744629e-01
9.686273336410522461e-01
9.684885740280151367e-01
9.683459997177124023e-01
9.681984186172485352e-01
9.680475592613220215e-01
9.678910970687866211e-01
9.677289128303527832e-01
9.675607085227966309e-01
9.673879146575927734e-01
9.672086238861083984e-01
9.670206308364868164e-01
9.668208360671997070e-01
9.666051864624023438e-01
9.663774967193603516e-01
9.661363959312438965e-01
9.658949375152587891e-01
9.656416177749633789e-01
9.653756022453308105e-01
9.650933146476745605e-01
9.648020863533020020e-01
9.644980430603027344e-01
9.641807675361633301e-01
9.638502597808837891e-01
9.635062217712402344e-01
9.631502032279968262e-01
9.627847075462341309e-01
9.624115824699401855e-01
9.620323777198791504e-01
9.616487026214599609e-01
9.612612128257751465e-01
9.608653187751770020e-01
9.604620933532714844e-01
9.600554108619689941e-01
9.596441388130187988e-01
9.592312574386596680e-01
9.588174223899841309e-01
9.584053754806518555e-01
9.579973220825195312e-01
9.575958847999572754e-01
9.571986794471740723e-01
9.568088650703430176e-01
9.564250707626342773e-01
9.560493826866149902e-01
9.556795954704284668e-01
9.553184509277343750e-01
9.549659490585327148e-01
9.546245932579040527e-01
9.542942047119140625e-01
9.539768695831298828e-01
9.536702632904052734e-01
9.533729553222656250e-01
9.530873298645019531e-01
9.528138041496276855e-01
9.525494575500488281e-01
9.522956013679504395e-01
9.520483613014221191e-01
9.518104195594787598e-01
9.515799283981323242e-01
9.513561129570007324e-01
9.511396288871765137e-01
9.509269595146179199e-01
9.507212042808532715e-01
9.505255222320556641e-01
9.503327012062072754e-01
9.501446485519409180e-01
9.499635100364685059e-01
9.497858285903930664e-01
9.496051669120788574e-01
9.494247436523437500e-01
9.492480754852294922e-01
9.490671753883361816e-01
9.488825201988220215e-01
9.486876726150512695e-01
9.484789967536926270e-01
9.482484459877014160e-01
9.480013251304626465e-01
9.477468132972717285e-01
9.474869370460510254e-01
9.472224116325378418e-01
9.469534158706665039e-01
9.466897845268249512e-01
9.464398622512817383e-01
9.462186694145202637e-01
9.460174441337585449e-01
9.458317160606384277e-01
9.456511735916137695e-01
9.454756379127502441e-01
9.453029036521911621e-01
9.451270699501037598e-01
9.449490904808044434e-01
9.447676539421081543e-01
9.445830583572387695e-01
9.443973302841186523e-01
9.442153573036193848e-01
9.440448880195617676e-01
9.438859224319458008e-01
9.437326788902282715e-01
9.435795545578002930e-01
9.434288144111633301e-01
9.432842731475830078e-01
9.431459903717041016e-01
9.430078864097595215e-01
9.428642988204956055e-01
9.427199363708496094e-01
9.425839781761169434e-01
9.424560666084289551e-01
9.423260092735290527e-01
9.421933889389038086e-01
9.420639872550964355e-01
9.419396519660949707e-01
9.418178200721740723e-01
9.416963458061218262e-01
9.415764212608337402e-01
9.414557218551635742e-01
9.413355588912963867e-01
9.412174820899963379e-01
9.410993456840515137e-01
9.409806132316589355e-01
9.408638477325439453e-01
9.407509565353393555e-01
9.406494498252868652e-01
9.405334591865539551e-01
9.404000639915466309e-01
9.402841329574584961e-01
9.401909708976745605e-01
9.400869011878967285e-01
9.399805665016174316e-01
9.398868083953857422e-01
9.398006200790405273e-01
9.397105574607849121e-01
9.396016001701354980e-01
9.395153522491455078e-01
9.394451975822448730e-01
9.393246173858642578e-01
9.392364025115966797e-01
9.391657710075378418e-01
9.390419721603393555e-01
9.389791488647460938e-01
9.388913512229919434e-01
9.387802481651306152e-01
9.387184977531433105e-01
9.386094808578491211e-01
9.385284781455993652e-01
9.384489059448242188e-01
9.383581280708312988e-01
9.382861256599426270e-01
9.382038116455078125e-01
9.381217360496520996e-01
9.380478858947753906e-01
9.379694461822509766e-01
9.378920197486877441e-01
9.378184676170349121e-01
9.377392530441284180e-01
9.376683235168457031e-01
9.375987648963928223e-01
9.375213384628295898e-01
9.374514818191528320e-01
9.373852014541625977e-01
9.373039007186889648e-01
9.372338056564331055e-01
9.371675848960876465e-01
9.370917677879333496e-01
9.370176196098327637e-01
9.369513988494873047e-01
9.368805289268493652e-01
9.368069767951965332e-01
9.367422461509704590e-01
9.366745352745056152e-01
9.366020560264587402e-01
9.365379810333251953e-01
9.364728927612304688e-01
9.363989233970642090e-01
9.363358616828918457e-01
9.362711906433105469e-01
9.361972808837890625e-01
9.361333250999450684e-01
9.360716938972473145e-01
9.359987974166870117e-01
9.359355568885803223e-01
9.358708262443542480e-01
9.358021616935729980e-01
9.357395172119140625e-01
9.356756806373596191e-01
9.356088638305664062e-01
9.355484247207641602e-01
9.354866147041320801e-01
9.354190230369567871e-01
9.353588819503784180e-01
9.353037476539611816e-01
9.352403879165649414e-01
9.351748228073120117e-01
9.351167082786560059e-01
9.350609183311462402e-01
9.349994659423828125e-01
9.349387288093566895e-01
9.348814487457275391e-01
9.348244071006774902e-01
9.347668886184692383e-01
9.347091913223266602e-01
9.346525669097900391e-01
9.345977902412414551e-01
9.345481395721435547e-01
9.344955086708068848e-01
9.344437718391418457e-01
9.343872070312500000e-01
9.343267083168029785e-01
9.342613816261291504e-01
9.342081546783447266e-01
9.341643452644348145e-01
9.341146349906921387e-01
9.340534210205078125e-01
9.339869022369384766e-01
9.339267611503601074e-01
9.338719844818115234e-01
9.338198900222778320e-01
9.337592124938964844e-01
9.336964488029479980e-01
9.336340427398681641e-01
9.335737824440002441e-01
9.335124492645263672e-01
9.334490299224853516e-01
9.333840608596801758e-01
9.333190917968750000e-01
9.332534670829772949e-01
9.331853985786437988e-01
9.331102371215820312e-01
9.330241680145263672e-01
9.329357147216796875e-01
9.328688383102416992e-01
9.328083992004394531e-01
9.327400326728820801e-01
9.326654076576232910e-01
9.325922727584838867e-01
9.325230717658996582e-01
9.324473142623901367e-01
9.323569536209106445e-01
9.322591423988342285e-01
9.321609139442443848e-01
9.320578575134277344e-01
9.319531917572021484e-01
9.318483471870422363e-01
9.317361712455749512e-01
9.316293597221374512e-01
9.315289258956909180e-01
9.314411878585815430e-01
9.313573837280273438e-01
9.312781691551208496e-01
9.312038421630859375e-01
9.311314821243286133e-01
9.310675263404846191e-01
9.310019016265869141e-01
9.309337139129638672e-01
9.308725595474243164e-01
9.308148622512817383e-01
9.307580590248107910e-01
9.306908845901489258e-01
9.306315183639526367e-01
9.305716156959533691e-01
9.305068850517272949e-01
9.304397106170654297e-01
9.303687810897827148e-01
9.303046464920043945e-01
9.302427172660827637e-01
9.301794767379760742e-01
9.301192164421081543e-01
9.300616979598999023e-01
9.300045967102050781e-01
9.299512505531311035e-01
9.298962354660034180e-01
9.298328161239624023e-01
9.297289848327636719e-01
9.296295046806335449e-01
9.295538067817687988e-01
9.294899106025695801e-01
9.294024109840393066e-01
9.293058514595031738e-01
9.292276501655578613e-01
9.291519522666931152e-01
9.290637969970703125e-01
9.289589524269104004e-01
9.288714528083801270e-01
9.288002252578735352e-01
9.287192225456237793e-01
9.286334514617919922e-01
9.285557270050048828e-01
9.284798502922058105e-01
9.284118413925170898e-01
9.283412694931030273e-01
9.282752275466918945e-01
9.282059669494628906e-01
9.281389713287353516e-01
9.280730485916137695e-01
9.280060529708862305e-01
9.279379844665527344e-01
9.278695583343505859e-01
9.277998208999633789e-01
9.277291893959045410e-01
9.276582002639770508e-01
9.275866746902465820e-01
9.275144934654235840e-01
9.274464249610900879e-01
9.273788332939147949e-01
9.273126721382141113e-01
9.272606968879699707e-01
9.272199273109436035e-01
9.271889328956604004e-01
9.271655678749084473e-01
9.270283579826354980e-01
9.269044399261474609e-01
9.268279075622558594e-01
9.267933368682861328e-01
9.267773628234863281e-01
9.266656041145324707e-01
9.265623092651367188e-01
9.265089035034179688e-01
9.264730811119079590e-01
9.264171719551086426e-01
9.263082146644592285e-01
9.262407422065734863e-01
9.262177348136901855e-01
9.261196255683898926e-01
9.260334968566894531e-01
9.259741306304931641e-01
9.259113073348999023e-01
9.258311986923217773e-01
9.257634282112121582e-01
9.257057309150695801e-01
9.256449937820434570e-01
9.255723357200622559e-01
9.254940748214721680e-01
9.254253506660461426e-01
9.253630638122558594e-01
9.252977371215820312e-01
9.252300262451171875e-01
9.251568913459777832e-01
9.250895977020263672e-01
9.250307083129882812e-01
9.249646067619323730e-01
9.249223470687866211e-01
9.248715043067932129e-01
9.248083829879760742e-01
9.247456192970275879e-01
9.246590733528137207e-01
9.245818853378295898e-01
9.245126247406005859e-01
9.244508147239685059e-01
9.243928194046020508e-01
9.243178963661193848e-01
9.242551326751708984e-01
9.241839051246643066e-01
9.241271018981933594e-01
9.240751862525939941e-01
9.240157008171081543e-01
9.239603281021118164e-01
9.238745570182800293e-01
9.238151311874389648e-01
9.237591028213500977e-01
9.236965775489807129e-01
9.236532449722290039e-01
9.236140251159667969e-01
9.235808849334716797e-01
9.235019683837890625e-01
9.234247803688049316e-01
9.233494997024536133e-01
9.232749342918395996e-01
9.232135415077209473e-01
9.231650233268737793e-01
9.231290221214294434e-01
9.230894446372985840e-01
9.230469465255737305e-01
9.229655861854553223e-01
9.228968620300292969e-01
9.228298664093017578e-01
9.227879643440246582e-01
9.227555990219116211e-01
9.227038025856018066e-01
9.226543903350830078e-01
9.225811362266540527e-01
9.225295186042785645e-01
9.224779605865478516e-01
9.224317669868469238e-01
9.223933815956115723e-01
9.223454594612121582e-01
9.222968220710754395e-01
9.222299456596374512e-01
9.221686124801635742e-01
9.221147894859313965e-01
9.220645427703857422e-01
9.220273494720458984e-01
9.219816327095031738e-01
9.219338893890380859e-01
9.218783974647521973e-01
9.218104481697082520e-01
9.217451214790344238e-01
9.216921329498291016e-01
9.216449856758117676e-01
9.215888977050781250e-01
9.215239882469177246e-01
9.214635491371154785e-01
9.214107990264892578e-01
9.213554859161376953e-01
9.212988615036010742e-01
9.212456345558166504e-01
9.212019443511962891e-01
9.211515784263610840e-01
9.210786819458007812e-01
9.210057258605957031e-01
9.209349155426025391e-01
9.208795428276062012e-01
9.208326935768127441e-01
9.207818508148193359e-01
9.207229018211364746e-01
9.206597208976745605e-01
9.205989837646484375e-01
9.205323457717895508e-01
9.204838275909423828e-01
9.204342365264892578e-01
9.204081296920776367e-01
9.203722476959228516e-01
9.203363656997680664e-01
9.202575087547302246e-01
9.201545715332031250e-01
9.200572371482849121e-01
9.199841618537902832e-01
9.199345707893371582e-01
9.199046492576599121e-01
9.198800921440124512e-01
9.198811650276184082e-01
9.198081493377685547e-01
9.196810126304626465e-01
9.195687770843505859e-01
9.195867776870727539e-01
9.196534156799316406e-01
9.195303916931152344e-01
9.193493127822875977e-01
9.193298816680908203e-01
9.193645119667053223e-01
9.193208813667297363e-01
9.191228151321411133e-01
9.191130399703979492e-01
9.191603660583496094e-01
9.190146327018737793e-01
9.189308285713195801e-01
9.190036058425903320e-01
9.189141988754272461e-01
9.187531471252441406e-01
9.187980294227600098e-01
9.187403917312622070e-01
9.186366200447082520e-01
9.185711145401000977e-01
9.185821413993835449e-01
9.184789657592773438e-01
9.184026122093200684e-01
9.183771014213562012e-01
9.183354377746582031e-01
9.182317256927490234e-01
9.181854128837585449e-01
9.181641340255737305e-01
9.180621504783630371e-01
9.180198311805725098e-01
9.179794788360595703e-01
9.179078936576843262e-01
9.178406000137329102e-01
9.178141355514526367e-01
9.177414774894714355e-01
9.176807999610900879e-01
9.176203608512878418e-01
9.175825119018554688e-01
9.175231456756591797e-01
9.174694418907165527e-01
9.174046516418457031e-01
9.173502326011657715e-01
9.172915816307067871e-01
9.172450900077819824e-01
9.172023534774780273e-01
9.171493649482727051e-01
9.170814752578735352e-01
9.170178174972534180e-01
9.169598221778869629e-01
9.169090390205383301e-01
9.168514609336853027e-01
9.167956113815307617e-01
9.167409539222717285e-01
9.166903495788574219e-01
9.166376590728759766e-01
9.165860414505004883e-01
9.165345430374145508e-01
9.164862632751464844e-01
9.164338111877441406e-01
9.163814187049865723e-01
9.163275361061096191e-01
9.162787199020385742e-01
9.162283539772033691e-01
9.161803126335144043e-01
9.161311984062194824e-01
9.160826206207275391e-01
9.160346984863281250e-01
9.159885048866271973e-01
9.159443974494934082e-01
9.158981442451477051e-01
9.158491492271423340e-01
9.157986044883728027e-01
9.157537221908569336e-01
9.157166481018066406e-01
9.156830906867980957e-01
9.156397581100463867e-01
9.155814051628112793e-01
9.155265092849731445e-01
9.154798388481140137e-01
9.154422283172607422e-01
9.154103398323059082e-01
9.153794050216674805e-01
9.153310060501098633e-01
9.152677059173583984e-01
9.152114987373352051e-01
9.151847958564758301e-01
9.151643514633178711e-01
9.151191711425781250e-01
9.150553941726684570e-01
9.149996638298034668e-01
9.149522185325622559e-01
9.149097800254821777e-01
9.148693680763244629e-01
9.148333668708801270e-01
9.148175120353698730e-01
9.148093461990356445e-01
9.147956371307373047e-01
9.147379398345947266e-01
9.146618247032165527e-01
9.145932793617248535e-01
9.145467281341552734e-01
9.145103693008422852e-01
9.144866466522216797e-01
9.144620299339294434e-01
9.144101142883300781e-01
9.143537282943725586e-01
9.143050312995910645e-01
9.142616391181945801e-01
9.142361283302307129e-01
9.142160415649414062e-01
9.141957163810729980e-01
9.141519665718078613e-01
9.140832424163818359e-01
9.140276908874511719e-01
9.139783978462219238e-01
9.139306545257568359e-01
9.138877987861633301e-01
9.138540029525756836e-01
9.138295054435729980e-01
9.138123393058776855e-01
9.137902259826660156e-01
9.137244820594787598e-01
9.136636853218078613e-01
9.135991930961608887e-01
9.135484695434570312e-01
9.135124683380126953e-01
9.134923219680786133e-01
9.134753942489624023e-01
9.134495854377746582e-01
9.134225845336914062e-01
9.133569598197937012e-01
9.132934808731079102e-01
9.132271409034729004e-01
9.131813049316406250e-01
9.131582975387573242e-01
9.131357073783874512e-01
9.131097793579101562e-01
9.130522012710571289e-01
9.130067229270935059e-01
9.129528999328613281e-01
9.129447340965270996e-01
9.129558801651000977e-01
9.129012823104858398e-01
9.128770232200622559e-01
9.127738475799560547e-01
9.127106666564941406e-01
9.127255082130432129e-01
9.127265214920043945e-01
9.127181172370910645e-01
9.125986099243164062e-01
9.125005602836608887e-01
9.124556779861450195e-01
9.124760627746582031e-01
9.125605225563049316e-01
9.123440980911254883e-01
9.122837781906127930e-01
9.123027324676513672e-01
9.122998714447021484e-01
9.122701883316040039e-01
9.120426774024963379e-01
9.121298193931579590e-01
9.122300744056701660e-01
9.121357798576354980e-01
9.119730591773986816e-01
9.119545817375183105e-01
9.119434952735900879e-01
9.117854237556457520e-01
9.118269085884094238e-01
9.118753075599670410e-01
9.117133021354675293e-01
9.115985631942749023e-01
9.116773009300231934e-01
9.116274714469909668e-01
9.114894866943359375e-01
9.114526510238647461e-01
9.114755988121032715e-01
9.113565087318420410e-01
9.112933278083801270e-01
9.113130569458007812e-01
9.112286567687988281e-01
9.111493229866027832e-01
9.112010002136230469e-01
9.111294746398925781e-01
9.110274910926818848e-01
9.109930396080017090e-01
9.109916687011718750e-01
9.109131693840026855e-01
9.108437299728393555e-01
9.108273983001708984e-01
9.107944965362548828e-01
9.107272028923034668e-01
9.106740951538085938e-01
9.106318950653076172e-01
9.106043577194213867e-01
9.105657339096069336e-01
9.104864597320556641e-01
9.104521870613098145e-01
9.104254245758056641e-01
9.103946685791015625e-01
9.103236794471740723e-01
9.102916121482849121e-01
9.102670550346374512e-01
9.101884961128234863e-01
9.101795554161071777e-01
9.101089835166931152e-01
9.100806713104248047e-01
9.100245833396911621e-01
9.099497795104980469e-01
9.099450111389160156e-01
9.099012613296508789e-01
9.098441600799560547e-01
9.098129868507385254e-01
9.097591638565063477e-01
9.097114205360412598e-01
9.096617698669433594e-01
9.096125364303588867e-01
9.095578789710998535e-01
9.095291495323181152e-01
9.094650745391845703e-01
9.094401597976684570e-01
9.093694090843200684e-01
9.093174934387207031e-01
9.092671275138854980e-01
9.092237949371337891e-01
9.091717600822448730e-01
9.091540575027465820e-01
9.091101288795471191e-01
9.090446233749389648e-01
9.089559912681579590e-01
9.089394807815551758e-01
9.088742733001708984e-01
9.088132977485656738e-01
9.087735414505004883e-01
9.087054133415222168e-01
9.086602330207824707e-01
9.086250662803649902e-01
9.085921049118041992e-01
9.085086584091186523e-01
9.084430336952209473e-01
9.083709716796875000e-01
9.083091616630554199e-01
9.082900881767272949e-01
9.082335233688354492e-01
9.081802368164062500e-01
9.081231951713562012e-01
9.080371260643005371e-01
9.079518914222717285e-01
9.079144001007080078e-01
9.078770279884338379e-01
9.078310132026672363e-01
9.077641963958740234e-01
9.076825976371765137e-01
9.076077938079833984e-01
9.075442552566528320e-01
9.074935913085937500e-01
9.074380993843078613e-01
9.073469638824462891e-01
9.072825908660888672e-01
9.072239398956298828e-01
9.071626067161560059e-01
9.071052074432373047e-01
9.070422053337097168e-01
9.069693684577941895e-01
9.069181680679321289e-01
9.068575501441955566e-01
9.067869186401367188e-01
9.066494107246398926e-01
9.065262079238891602e-01
9.064786434173583984e-01
9.064453840255737305e-01
9.064044356346130371e-01
9.062926173210144043e-01
9.061894416809082031e-01
9.061496257781982422e-01
9.060966372489929199e-01
9.060404300689697266e-01
9.059563875198364258e-01
9.058675765991210938e-01
9.058095812797546387e-01
9.057937264442443848e-01
9.057465791702270508e-01
9.056794047355651855e-01
9.055774807929992676e-01
9.054771661758422852e-01
9.054021239280700684e-01
9.053468108177185059e-01
9.052457809448242188e-01
9.051336646080017090e-01
9.050458669662475586e-01
9.049654603004455566e-01
9.048624634742736816e-01
9.047386646270751953e-01
9.046539664268493652e-01
9.045715332031250000e-01
9.044842720031738281e-01
