1.043108582496643066e+00
1.041111826896667480e+00
1.039196252822875977e+00
1.037364125251770020e+00
1.035613775253295898e+00
1.033928513526916504e+00
1.032304883003234863e+00
1.030742168426513672e+00
1.029238939285278320e+00
1.027793765068054199e+00
1.026402354240417480e+00
1.025062322616577148e+00
1.023772120475769043e+00
1.022527337074279785e+00
1.021325111389160156e+00
1.020171165466308594e+00
1.019073963165283203e+00
1.018042087554931641e+00
1.017090678215026855e+00
1.016212940216064453e+00
1.015408277511596680e+00
1.014642119407653809e+00
1.013898015022277832e+00
1.013175368309020996e+00
1.012474417686462402e+00
1.011795282363891602e+00
1.011138081550598145e+00
1.010502815246582031e+00
1.009889483451843262e+00
1.009299397468566895e+00
1.008732676506042480e+00
1.008187294006347656e+00
1.007663488388061523e+00
1.007162213325500488e+00
1.006682753562927246e+00
1.006223797798156738e+00
1.005784511566162109e+00
1.005364060401916504e+00
1.004961371421813965e+00
1.004576563835144043e+00
1.004209518432617188e+00
1.003860712051391602e+00
1.003527760505676270e+00
1.003210067749023438e+00
1.002908587455749512e+00
1.002621412277221680e+00
1.002346515655517578e+00
1.002083659172058105e+00
1.001832485198974609e+00
1.001592278480529785e+00
1.001364588737487793e+00
1.001148343086242676e+00
1.000941872596740723e+00
1.000744223594665527e+00
1.000555038452148438e+00
1.000374317169189453e+00
1.000201940536499023e+00
1.000037312507629395e+00
9.998790025711059570e-01
9.997266530990600586e-01
9.995790719985961914e-01
9.994361400604248047e-01
9.992974996566772461e-01
9.991627931594848633e-01
9.990306496620178223e-01
9.989007115364074707e-01
9.987722039222717285e-01
9.986448287963867188e-01
9.985184669494628906e-01
9.983932971954345703e-01
9.982686638832092285e-01
9.981439709663391113e-01
9.980186820030212402e-01
9.978947043418884277e-01
9.977722167968750000e-01
9.976499080657958984e-01
9.975271224975585938e-01
9.974045753479003906e-01
9.972808957099914551e-01
9.971548914909362793e-01
9.970251321792602539e-01
9.968915581703186035e-01
9.967539310455322266e-01
9.966130852699279785e-01
9.964694380760192871e-01
9.963241815567016602e-01
9.961768984794616699e-01
9.960272312164306641e-01
9.958746433258056641e-01
9.957184791564941406e-01
9.955602288246154785e-01
9.953981637954711914e-01
9.952329993247985840e-01
9.950660467147827148e-01
9.948977231979370117e-01
9.947274327278137207e-01
9.945577383041381836e-01
9.943896532058715820e-01
9.942246079444885254e-01
9.940614104270935059e-01
9.938984513282775879e-01
9.937380552291870117e-01
9.935792088508605957e-01
9.934214949607849121e-01
9.932649135589599609e-01
9.931119084358215332e-01
9.929609298706054688e-01
9.928120970726013184e-01
9.926686882972717285e-01
9.925247430801391602e-01
9.923800826072692871e-01
9.922301173210144043e-01
9.920775890350341797e-01
9.919238090515136719e-01
9.917734861373901367e-01
9.916288256645202637e-01
9.914995431900024414e-01
9.913923740386962891e-01
9.912950396537780762e-01
9.911958575248718262e-01
9.910913109779357910e-01
9.909856915473937988e-01
9.908805489540100098e-01
9.907777905464172363e-01
9.906784296035766602e-01
9.905813932418823242e-01
9.904866218566894531e-01
9.903914332389831543e-01
9.902948141098022461e-01
9.901960492134094238e-01
9.900961518287658691e-01
9.899952411651611328e-01
9.898951053619384766e-01
9.897950291633605957e-01
9.896960854530334473e-01
9.895986318588256836e-01
9.895020127296447754e-01
9.894059896469116211e-01
9.893102645874023438e-01
9.892152547836303711e-01
9.891213774681091309e-01
9.890286326408386230e-01
9.889367222785949707e-01
9.888451695442199707e-01
9.887522459030151367e-01
9.886571764945983887e-01
9.885585904121398926e-01
9.884567856788635254e-01
9.883524775505065918e-01
9.882467985153198242e-01
9.881411790847778320e-01
9.880365729331970215e-01
9.879322648048400879e-01
9.878282546997070312e-01
9.877234101295471191e-01
9.876193404197692871e-01
9.875169992446899414e-01
9.874159097671508789e-01
9.873139858245849609e-01
9.872108697891235352e-01
9.871063232421875000e-01
9.870002269744873047e-01
9.868928194046020508e-01
9.867844581604003906e-01
9.866745471954345703e-01
9.865628480911254883e-01
9.864505529403686523e-01
9.863377213478088379e-01
9.862257242202758789e-01
9.861132502555847168e-01
9.860005974769592285e-01
9.858876466751098633e-01
9.857751727104187012e-01
9.856626987457275391e-01
9.855499267578125000e-01
9.854366779327392578e-01
9.853233695030212402e-01
9.852111935615539551e-01
9.850997328758239746e-01
9.849883913993835449e-01
9.848771095275878906e-01
9.847655296325683594e-01
9.846526384353637695e-01
9.845387339591979980e-01
9.844236969947814941e-01
9.843077063560485840e-01
9.841903448104858398e-01
9.840717911720275879e-01
9.839516878128051758e-01
9.838288426399230957e-01
9.837037920951843262e-01
9.835765361785888672e-01
9.834454655647277832e-01
9.833102226257324219e-01
9.831702709197998047e-01
9.830246567726135254e-01
9.828720688819885254e-01
9.827134013175964355e-01
9.825503826141357422e-01
9.823850989341735840e-01
9.822155833244323730e-01
9.820402264595031738e-01
9.818590879440307617e-01
9.816725254058837891e-01
9.814813137054443359e-01
9.812855124473571777e-01
9.810833334922790527e-01
9.808780550956726074e-01
9.806672930717468262e-01
9.804499745368957520e-01
9.802246093750000000e-01
9.799985289573669434e-01
9.797819852828979492e-01
9.795736670494079590e-01
9.793684482574462891e-01
9.791613221168518066e-01
9.789488911628723145e-01
9.787299036979675293e-01
9.785063266754150391e-01
9.782773852348327637e-01
9.780437350273132324e-01
9.778075218200683594e-01
9.775686264038085938e-01
9.773275852203369141e-01
9.770853519439697266e-01
9.768424034118652344e-01
9.765993952751159668e-01
9.763584733009338379e-01
9.761202335357666016e-01
9.758831858634948730e-01
9.756459593772888184e-01
9.754099845886230469e-01
9.751740097999572754e-01
9.749391674995422363e-01
9.747058153152465820e-01
9.744760990142822266e-01
9.742495417594909668e-01
9.740248322486877441e-01
9.738023281097412109e-01
9.735815525054931641e-01
9.733617901802062988e-01
9.731453657150268555e-01
9.729318618774414062e-01
9.727225899696350098e-01
9.725172519683837891e-01
9.723139405250549316e-01
9.721130728721618652e-01
9.719151258468627930e-01
9.717198014259338379e-01
9.715262055397033691e-01
9.713347554206848145e-01
9.711472392082214355e-01
9.709634780883789062e-01
9.707822203636169434e-01
9.706030488014221191e-01
9.704269170761108398e-01
9.702546000480651855e-01
9.700853228569030762e-01
9.699189662933349609e-01
9.697552919387817383e-01
9.695928692817687988e-01
9.694315791130065918e-01
9.692714810371398926e-01
9.691123366355895996e-01
9.689543843269348145e-01
9.687971472740173340e-01
9.686418175697326660e-01
9.684894680976867676e-01
9.683383703231811523e-01
9.681888222694396973e-01
9.680403470993041992e-01
9.678934216499328613e-01
9.677485227584838867e-01
9.676055312156677246e-01
9.674639701843261719e-01
9.673240184783935547e-01
9.671837687492370605e-01
9.670438170433044434e-01
9.669040441513061523e-01
9.667623639106750488e-01
9.666204452514648438e-01
9.664819240570068359e-01
9.663454890251159668e-01
9.662110209465026855e-01
9.660778045654296875e-01
9.659446477890014648e-01
9.658106565475463867e-01
9.656780362129211426e-01
9.655454158782958984e-01
9.654131531715393066e-01
9.652832746505737305e-01
9.651471376419067383e-01
9.650107026100158691e-01
9.648754596710205078e-01
9.647404551506042480e-01
9.646058082580566406e-01
9.644708037376403809e-01
9.643369317054748535e-01
9.642041325569152832e-01
9.640703201293945312e-01
9.639369249343872070e-01
9.638019800186157227e-01
9.636645317077636719e-01
9.635230302810668945e-01
9.633743762969970703e-01
9.632189273834228516e-01
9.630580544471740723e-01
9.628924727439880371e-01
9.627297520637512207e-01
9.625791907310485840e-01
9.624705910682678223e-01
9.623395204544067383e-01
9.621631503105163574e-01
9.619864225387573242e-01
9.619008302688598633e-01
9.617310762405395508e-01
9.615487456321716309e-01
9.614835381507873535e-01
9.612902998924255371e-01
9.611578583717346191e-01
9.610452651977539062e-01
9.608651995658874512e-01
9.607650041580200195e-01
9.606292247772216797e-01
9.604894518852233887e-01
9.603953957557678223e-01
9.602507352828979492e-01
9.601466655731201172e-01
9.600329995155334473e-01
9.598935246467590332e-01
9.598028063774108887e-01
9.596766233444213867e-01
9.595510363578796387e-01
9.594649672508239746e-01
9.593474268913269043e-01
9.592224359512329102e-01
9.591429829597473145e-01
9.590399265289306641e-01
9.589058160781860352e-01
9.588253498077392578e-01
9.587235450744628906e-01
9.585927724838256836e-01
9.585148096084594727e-01
9.584177136421203613e-01
9.582887291908264160e-01
9.582060575485229492e-01
9.581108093261718750e-01
9.579911828041076660e-01
9.578944444656372070e-01
9.578158259391784668e-01
9.577119350433349609e-01
9.575977325439453125e-01
9.575001001358032227e-01
9.574167728424072266e-01
9.573197960853576660e-01
9.572029709815979004e-01
9.571029543876647949e-01
9.570227265357971191e-01
9.569172263145446777e-01
9.568000435829162598e-01
9.566963911056518555e-01
9.566006064414978027e-01
9.565023183822631836e-01
9.563915133476257324e-01
9.562842249870300293e-01
9.561883807182312012e-01
9.560965299606323242e-01
9.560037255287170410e-01
9.558906555175781250e-01
9.557844400405883789e-01
9.557001590728759766e-01
9.556103944778442383e-01
9.555115103721618652e-01
9.554008841514587402e-01
9.552940726280212402e-01
9.551995992660522461e-01
9.551197886466979980e-01
9.550297856330871582e-01
9.549251794815063477e-01
9.548040628433227539e-01
9.547017812728881836e-01
9.546277523040771484e-01
9.545491933822631836e-01
9.544513821601867676e-01
9.543437361717224121e-01
9.542579650878906250e-01
9.541928172111511230e-01
9.541111588478088379e-01
9.540107846260070801e-01
9.539136886596679688e-01
9.538323879241943359e-01
9.537599086761474609e-01
9.536809325218200684e-01
9.535890817642211914e-01
9.535074234008789062e-01
9.534403085708618164e-01
9.533663988113403320e-01
9.532752037048339844e-01
9.531900286674499512e-01
9.531239271163940430e-01
9.530664086341857910e-01
9.530042409896850586e-01
9.529101252555847168e-01
9.528225660324096680e-01
9.527620673179626465e-01
9.527071118354797363e-01
9.526419639587402344e-01
9.525637030601501465e-01
9.524859786033630371e-01
9.524168968200683594e-01
9.523559808731079102e-01
9.522983431816101074e-01
9.522352814674377441e-01
9.521702527999877930e-01
9.521055817604064941e-01
9.520423412322998047e-01
9.519807100296020508e-01
9.519227147102355957e-01
9.518654942512512207e-01
9.518064260482788086e-01
9.517447948455810547e-01
9.516826868057250977e-01
9.516208171844482422e-01
9.515611529350280762e-01
9.515031576156616211e-01
9.514468908309936523e-01
9.513912200927734375e-01
9.513345956802368164e-01
9.512794613838195801e-01
9.512239098548889160e-01
9.511706829071044922e-01
9.511164426803588867e-01
9.510630965232849121e-01
9.510056376457214355e-01
9.509487152099609375e-01
9.508912563323974609e-01
9.508352279663085938e-01
9.507798552513122559e-01
9.507271647453308105e-01
9.506763815879821777e-01
9.506334662437438965e-01
9.505977630615234375e-01
9.505714774131774902e-01
9.505391120910644531e-01
9.505109190940856934e-01
9.504334330558776855e-01
9.503371119499206543e-01
9.502697587013244629e-01
9.502394199371337891e-01
9.502139687538146973e-01
9.501600265502929688e-01
9.500909447669982910e-01
9.500286579132080078e-01
9.499892592430114746e-01
9.499564766883850098e-01
9.499079585075378418e-01
9.498498439788818359e-01
9.497962594032287598e-01
9.497550129890441895e-01
9.497177600860595703e-01
9.496737122535705566e-01
9.496240615844726562e-01
9.495734572410583496e-01
9.495299458503723145e-01
9.494966268539428711e-01
9.494673609733581543e-01
9.494296908378601074e-01
9.493775963783264160e-01
9.493190050125122070e-01
9.492651820182800293e-01
9.492202401161193848e-01
9.491804838180541992e-01
9.491407275199890137e-01
9.490998983383178711e-01
9.490499496459960938e-01
9.489936232566833496e-01
9.489379525184631348e-01
9.488892555236816406e-01
9.488459229469299316e-01
9.487978219985961914e-01
9.487488865852355957e-01
9.486913681030273438e-01
9.486260414123535156e-01
9.485606551170349121e-01
9.484989047050476074e-01
9.484433531761169434e-01
9.483942985534667969e-01
9.483514428138732910e-01
9.482958912849426270e-01
9.482198953628540039e-01
9.481292366981506348e-01
9.480584859848022461e-01
9.479979872703552246e-01
9.479501247406005859e-01
9.479206800460815430e-01
9.478424787521362305e-01
9.477655887603759766e-01
9.476940035820007324e-01
9.476351141929626465e-01
9.475741982460021973e-01
9.475143551826477051e-01
9.474542140960693359e-01
9.473989009857177734e-01
9.473429918289184570e-01
9.472819566726684570e-01
9.472210407257080078e-01
9.471641778945922852e-01
9.471023082733154297e-01
9.470495581626892090e-01
9.470015764236450195e-01
9.469452500343322754e-01
9.468839168548583984e-01
9.468194246292114258e-01
9.467548727989196777e-01
9.466924071311950684e-01
9.466279745101928711e-01
9.465735554695129395e-01
9.465206861495971680e-01
9.464677572250366211e-01
9.464063048362731934e-01
9.463499188423156738e-01
9.462928771972656250e-01
9.462498426437377930e-01
9.461984038352966309e-01
9.461461901664733887e-01
9.460780024528503418e-01
9.460361599922180176e-01
9.459649324417114258e-01
9.459194540977478027e-01
9.458525776863098145e-01
9.458036422729492188e-01
9.457492828369140625e-01
9.457189440727233887e-01
9.457058906555175781e-01
9.457653164863586426e-01
9.458883404731750488e-01
9.459261298179626465e-01
9.456562995910644531e-01
9.454155564308166504e-01
9.455261826515197754e-01
9.455798864364624023e-01
9.452976584434509277e-01
9.452743530273437500e-01
9.453369379043579102e-01
9.451919198036193848e-01
9.450891017913818359e-01
9.451769590377807617e-01
9.450436234474182129e-01
9.449523687362670898e-01
9.450188875198364258e-01
9.449025988578796387e-01
9.448210597038269043e-01
9.448296427726745605e-01
9.447797536849975586e-01
9.446702003479003906e-01
9.447049498558044434e-01
9.446225762367248535e-01
9.445564746856689453e-01
9.445680379867553711e-01
9.444877505302429199e-01
9.444267749786376953e-01
9.443956017494201660e-01
9.443577527999877930e-01
9.442697167396545410e-01
9.442602396011352539e-01
9.442063570022583008e-01
9.441436529159545898e-01
9.441087245941162109e-01
9.440737366676330566e-01
9.440144300460815430e-01
9.439682960510253906e-01
9.439424872398376465e-01
9.438788890838623047e-01
9.438343048095703125e-01
9.437975287437438965e-01
9.437529444694519043e-01
9.436938762664794922e-01
9.436584711074829102e-01
9.436140656471252441e-01
9.435658454895019531e-01
9.435107707977294922e-01
9.434701800346374512e-01
9.434325098991394043e-01
9.433869719505310059e-01
9.433298110961914062e-01
9.432806372642517090e-01
9.432389736175537109e-01
9.431994557380676270e-01
9.431518316268920898e-01
9.431015849113464355e-01
9.430556893348693848e-01
9.430147409439086914e-01
9.429714679718017578e-01
9.429221749305725098e-01
9.428707361221313477e-01
9.428206682205200195e-01
9.427715539932250977e-01
9.427250027656555176e-01
9.426785707473754883e-01
9.426321387290954590e-01
9.425874352455139160e-01
9.425438642501831055e-01
9.425000548362731934e-01
9.424546957015991211e-01
9.424093365669250488e-01
9.423611164093017578e-01
9.423165917396545410e-01
9.422736763954162598e-01
9.422348141670227051e-01
9.421927928924560547e-01
9.421502351760864258e-01
9.421064257621765137e-01
9.420627951622009277e-01
9.420221447944641113e-01
9.419826269149780273e-01
9.419496655464172363e-01
9.419397711753845215e-01
9.419444799423217773e-01
9.419452548027038574e-01
9.419336915016174316e-01
9.418596625328063965e-01
9.417575597763061523e-01
9.416548609733581543e-01
9.416139721870422363e-01
9.416220188140869141e-01
9.416273832321166992e-01
9.416011571884155273e-01
9.415190219879150391e-01
9.414215087890625000e-01
9.413601756095886230e-01
9.413546323776245117e-01
9.413674473762512207e-01
9.413511753082275391e-01
9.412823319435119629e-01
9.411920905113220215e-01
9.411199688911437988e-01
9.410982728004455566e-01
9.410860538482666016e-01
9.410485625267028809e-01
9.410122036933898926e-01
9.409464597702026367e-01
9.408887624740600586e-01
9.408403635025024414e-01
9.408020973205566406e-01
9.407677650451660156e-01
9.407405257225036621e-01
9.407159686088562012e-01
9.406883716583251953e-01
9.406551122665405273e-01
9.406064152717590332e-01
9.405612349510192871e-01
9.405061006546020508e-01
9.404506087303161621e-01
9.403994679450988770e-01
9.403569102287292480e-01
9.403190612792968750e-01
9.402819275856018066e-01
9.402440786361694336e-01
9.402081370353698730e-01
9.401641488075256348e-01
9.401185512542724609e-01
9.400616288185119629e-01
9.400045275688171387e-01
9.399487972259521484e-01
9.398995041847229004e-01
9.398509860038757324e-01
9.398025870323181152e-01
9.397569894790649414e-01
9.397112131118774414e-01
9.396653771400451660e-01
9.396203756332397461e-01
9.395730495452880859e-01
9.395285248756408691e-01
9.394900798797607422e-01
9.394786357879638672e-01
9.395244121551513672e-01
9.397169947624206543e-01
9.400352239608764648e-01
9.401026368141174316e-01
9.396147727966308594e-01
9.391672611236572266e-01
9.394453763961791992e-01
9.396037459373474121e-01
9.391539692878723145e-01
9.390339255332946777e-01
9.392919540405273438e-01
9.390854835510253906e-01
9.388558268547058105e-01
9.389965534210205078e-01
9.389144182205200195e-01
9.387231469154357910e-01
9.387790560722351074e-01
9.387342929840087891e-01
9.385922551155090332e-01
9.385946393013000488e-01
9.385643601417541504e-01
9.384562969207763672e-01
9.384196400642395020e-01
9.383990168571472168e-01
9.383121728897094727e-01
9.382528662681579590e-01
9.382409453392028809e-01
9.381793141365051270e-01
9.381043314933776855e-01
9.380893707275390625e-01
9.380308985710144043e-01
9.379552006721496582e-01
9.379134178161621094e-01
9.378769397735595703e-01
9.378078579902648926e-01
9.377480149269104004e-01
9.377046823501586914e-01
9.376599192619323730e-01
9.375942945480346680e-01
9.375453591346740723e-01
9.374982118606567383e-01
9.374391436576843262e-01
9.373854994773864746e-01
9.373301863670349121e-01
9.372776150703430176e-01
9.372175335884094238e-01
9.371653199195861816e-01
9.371079802513122559e-01
9.370526671409606934e-01
9.369887709617614746e-01
9.369249939918518066e-01
9.368662238121032715e-01
9.368037581443786621e-01
9.367439150810241699e-01
9.366695284843444824e-01
9.366021752357482910e-01
9.365318417549133301e-01
9.364662170410156250e-01
9.364010691642761230e-01
9.363285899162292480e-01
9.362586736679077148e-01
9.361894130706787109e-01
9.361246824264526367e-01
9.360567927360534668e-01
9.359872937202453613e-01
9.359157681465148926e-01
9.358491897583007812e-01
9.357820153236389160e-01
9.357153177261352539e-01
9.356433153152465820e-01
9.355753064155578613e-01
9.355049133300781250e-01
9.354353547096252441e-01
9.353669285774230957e-01
9.352975487709045410e-01
9.352268576622009277e-01
9.351568222045898438e-01
9.350866079330444336e-01
9.350081682205200195e-01
9.349307417869567871e-01
9.348444342613220215e-01
9.347683787345886230e-01
9.346889257431030273e-01
9.346157908439636230e-01
9.345476031303405762e-01
9.344737529754638672e-01
9.344129562377929688e-01
9.343537688255310059e-01
9.343145489692687988e-01
9.342973232269287109e-01
9.343604445457458496e-01
9.345155358314514160e-01
9.346974492073059082e-01
9.344561696052551270e-01
9.340115785598754883e-01
9.337298870086669922e-01
9.338539242744445801e-01
9.339958429336547852e-01
9.337248802185058594e-01
9.334259033203125000e-01
9.334212541580200195e-01
9.334943890571594238e-01
9.333537220954895020e-01
9.330614805221557617e-01
9.329895973205566406e-01
9.330408573150634766e-01
9.328672885894775391e-01
9.326068162918090820e-01
9.324865937232971191e-01
9.324744939804077148e-01
9.323757290840148926e-01
9.321762919425964355e-01
9.320589303970336914e-01
9.320462346076965332e-01
9.319905638694763184e-01
9.318448305130004883e-01
9.317370653152465820e-01
9.317091107368469238e-01
9.316442608833312988e-01
9.315248131752014160e-01
9.314352273941040039e-01
9.313674569129943848e-01
9.313154220581054688e-01
9.312055110931396484e-01
9.311133623123168945e-01
9.310361742973327637e-01
9.309815168380737305e-01
9.309100508689880371e-01
9.308011531829833984e-01
9.306916594505310059e-01
9.306085109710693359e-01
9.305341839790344238e-01
9.304563999176025391e-01
9.303508996963500977e-01
9.302628040313720703e-01
9.301644563674926758e-01
9.300859570503234863e-01
9.300215244293212891e-01
9.299290776252746582e-01
9.298381209373474121e-01
9.297369122505187988e-01
9.296572804450988770e-01
9.295669794082641602e-01
9.294911026954650879e-01
9.294144511222839355e-01
9.293296337127685547e-01
9.292394518852233887e-01
9.291429519653320312e-01
9.290602803230285645e-01
9.289782047271728516e-01
9.288855195045471191e-01
9.287995696067810059e-01
9.287009835243225098e-01
9.286213517189025879e-01
9.285261631011962891e-01
9.284424781799316406e-01
9.283593297004699707e-01
9.282678961753845215e-01
9.281908273696899414e-01
9.280956387519836426e-01
9.280127286911010742e-01
9.279265403747558594e-01
9.278296232223510742e-01
9.277418851852416992e-01
9.276620149612426758e-01
9.275782704353332520e-01
9.275280237197875977e-01
9.275556206703186035e-01
9.278203248977661133e-01
9.281103014945983887e-01
9.282263517379760742e-01
9.277018308639526367e-01
9.270681142807006836e-01
9.269847273826599121e-01
9.273328185081481934e-01
9.273428916931152344e-01
9.268068075180053711e-01
9.266607761383056641e-01
9.269706606864929199e-01
9.268774390220642090e-01
9.264336228370666504e-01
9.263552427291870117e-01
9.265174865722656250e-01
9.263911247253417969e-01
9.260703325271606445e-01
9.261022210121154785e-01
9.261727333068847656e-01
9.259823560714721680e-01
9.257622957229614258e-01
9.258096218109130859e-01
9.258533120155334473e-01
9.256289005279541016e-01
9.254653453826904297e-01
9.255121946334838867e-01
9.254997968673706055e-01
9.252980947494506836e-01
9.251922965049743652e-01
9.252196550369262695e-01
9.252133965492248535e-01
9.249940514564514160e-01
9.248937964439392090e-01
9.248732328414916992e-01
9.248204231262207031e-01
9.247001409530639648e-01
9.245911836624145508e-01
9.245367050170898438e-01
9.245101809501647949e-01
9.244145750999450684e-01
9.243094325065612793e-01
9.242366552352905273e-01
9.241853952407836914e-01
9.241498708724975586e-01
9.240508079528808594e-01
9.239577054977416992e-01
9.238740801811218262e-01
9.238308668136596680e-01
9.237838983535766602e-01
9.236969947814941406e-01
9.235987067222595215e-01
9.235283732414245605e-01
9.234935641288757324e-01
9.234557151794433594e-01
9.233826398849487305e-01
9.232733845710754395e-01
9.231790900230407715e-01
9.231134653091430664e-01
9.230856299400329590e-01
9.230259656906127930e-01
9.229455590248107910e-01
9.228477478027343750e-01
9.227804541587829590e-01
9.227363467216491699e-01
9.226470589637756348e-01
9.225837588310241699e-01
9.224938750267028809e-01
9.224271178245544434e-01
9.223576784133911133e-01
9.222832322120666504e-01
9.222139120101928711e-01
9.221422076225280762e-01
9.220657348632812500e-01
9.220009446144104004e-01
9.219344854354858398e-01
9.218760728836059570e-01
9.218293428421020508e-01
9.217680096626281738e-01
9.216961264610290527e-01
9.216175079345703125e-01
9.215617179870605469e-01
9.214803576469421387e-01
9.214214682579040527e-01
9.213738441467285156e-01
9.213197827339172363e-01
9.212274551391601562e-01
9.211311936378479004e-01
9.210464358329772949e-01
9.209747314453125000e-01
9.208975434303283691e-01
9.208187460899353027e-01
9.207491874694824219e-01
9.206827878952026367e-01
9.206060767173767090e-01
9.205466508865356445e-01
9.204790592193603516e-01
9.204269051551818848e-01
9.203730225563049316e-01
9.203243255615234375e-01
9.202585816383361816e-01
9.202089309692382812e-01
9.201281666755676270e-01
9.200613498687744141e-01
9.199823141098022461e-01
9.198889136314392090e-01
9.197857379913330078e-01
9.196915626525878906e-01
9.196129441261291504e-01
9.195439815521240234e-01
9.194702506065368652e-01
9.194040894508361816e-01
9.193426966667175293e-01
9.192966222763061523e-01
9.192411899566650391e-01
9.192124009132385254e-01
9.191986918449401855e-01
9.192484021186828613e-01
9.191282987594604492e-01
9.189525246620178223e-01
9.188166856765747070e-01
9.187347292900085449e-01
9.186519980430603027e-01
9.185956716537475586e-01
9.185314178466796875e-01
9.184822440147399902e-01
9.184320569038391113e-01
9.183810949325561523e-01
9.183678030967712402e-01
9.183321595191955566e-01
9.183706045150756836e-01
9.184047579765319824e-01
9.184526801109313965e-01
9.180831909179687500e-01
9.178805351257324219e-01
9.179307222366333008e-01
9.180061221122741699e-01
9.178709387779235840e-01
9.176453948020935059e-01
9.174817800521850586e-01
9.174498319625854492e-01
9.173240065574645996e-01
9.171577692031860352e-01
9.169482588768005371e-01
9.167703986167907715e-01
9.167423248291015625e-01
9.166632890701293945e-01
9.166689515113830566e-01
9.166179895401000977e-01
9.164980053901672363e-01
9.163783788681030273e-01
9.161760210990905762e-01
9.161007404327392578e-01
9.160323739051818848e-01
9.160316586494445801e-01
9.162016510963439941e-01
9.160860180854797363e-01
9.160230755805969238e-01
