1.048363566398620605e+00
1.045386314392089844e+00
1.042686820030212402e+00
1.040171742439270020e+00
1.037771701812744141e+00
1.035482525825500488e+00
1.033300399780273438e+00
1.031219244003295898e+00
1.029233336448669434e+00
1.027336120605468750e+00
1.025523424148559570e+00
1.023791909217834473e+00
1.022138953208923340e+00
1.020562410354614258e+00
1.019060611724853516e+00
1.017632126808166504e+00
1.016275405883789062e+00
1.014988780021667480e+00
1.013770699501037598e+00
1.012618899345397949e+00
1.011531472206115723e+00
1.010506510734558105e+00
1.009542107582092285e+00
1.008636713027954102e+00
1.007788062095642090e+00
1.006994605064392090e+00
1.006253719329833984e+00
1.005563139915466309e+00
1.004921197891235352e+00
1.004327178001403809e+00
1.003778815269470215e+00
1.003273248672485352e+00
1.002807736396789551e+00
1.002379179000854492e+00
1.001984953880310059e+00
1.001623034477233887e+00
1.001290559768676758e+00
1.000984907150268555e+00
1.000703573226928711e+00
1.000444412231445312e+00
1.000198483467102051e+00
9.999542236328125000e-01
9.997024536132812500e-01
9.995027780532836914e-01
9.993227124214172363e-01
9.991412758827209473e-01
9.989594817161560059e-01
9.987784624099731445e-01
9.985990524291992188e-01
9.984220266342163086e-01
9.982467889785766602e-01
9.980862140655517578e-01
9.979285597801208496e-01
9.977625608444213867e-01
9.975902438163757324e-01
9.974179267883300781e-01
9.972493648529052734e-01
9.970829486846923828e-01
9.969172477722167969e-01
9.967513084411621094e-01
9.965841174125671387e-01
9.964177012443542480e-01
9.962518215179443359e-01
9.960883855819702148e-01
9.959288835525512695e-01
9.957714080810546875e-01
9.956200122833251953e-01
9.954706430435180664e-01
9.953231811523437500e-01
9.951742291450500488e-01
9.950218200683593750e-01
9.948624372482299805e-01
9.946912527084350586e-01
9.945092201232910156e-01
9.943264722824096680e-01
9.941323995590209961e-01
9.939260482788085938e-01
9.937117695808410645e-01
9.934894442558288574e-01
9.932701587677001953e-01
9.930541515350341797e-01
9.928427934646606445e-01
9.926429390907287598e-01
9.924661517143249512e-01
9.923111200332641602e-01
9.921661615371704102e-01
9.920276999473571777e-01
9.918935894966125488e-01
9.917627573013305664e-01
9.916313886642456055e-01
9.914915561676025391e-01
9.913385510444641113e-01
9.911615252494812012e-01
9.909611344337463379e-01
9.907425642013549805e-01
9.905312061309814453e-01
9.903079271316528320e-01
9.900804162025451660e-01
9.898701310157775879e-01
9.896634221076965332e-01
9.894606471061706543e-01
9.892629981040954590e-01
9.890664219856262207e-01
9.888696074485778809e-01
9.886751174926757812e-01
9.884847998619079590e-01
9.882966279983520508e-01
9.881085157394409180e-01
9.879224896430969238e-01
9.877379536628723145e-01
9.875537753105163574e-01
9.873706102371215820e-01
9.871895909309387207e-01
9.870104193687438965e-01
9.868313074111938477e-01
9.866520762443542480e-01
9.864728450775146484e-01
9.862933754920959473e-01
9.861139655113220215e-01
9.859344959259033203e-01
9.857550263404846191e-01
9.855744838714599609e-01
9.853923320770263672e-01
9.852084517478942871e-01
9.850234389305114746e-01
9.848369956016540527e-01
9.846490621566772461e-01
9.844595789909362793e-01
9.842693805694580078e-01
9.840782880783081055e-01
9.838860630989074707e-01
9.836931228637695312e-01
9.834991693496704102e-01
9.833048582077026367e-01
9.831107854843139648e-01
9.829167723655700684e-01
9.827238917350769043e-01
9.825314283370971680e-01
9.823399186134338379e-01
9.821494221687316895e-01
9.819598793983459473e-01
9.817708730697631836e-01
9.815832376480102539e-01
9.813972711563110352e-01
9.812124371528625488e-01
9.810291528701782227e-01
9.808484911918640137e-01
9.806715846061706543e-01
9.804966449737548828e-01
9.803245067596435547e-01
9.801546931266784668e-01
9.799870848655700684e-01
9.798239469528198242e-01
9.796655178070068359e-01
9.795097708702087402e-01
9.793567061424255371e-01
9.792039394378662109e-01
9.790509939193725586e-01
9.788986444473266602e-01
9.787466526031494141e-01
9.785959124565124512e-01
9.784471392631530762e-01
9.783001542091369629e-01
9.781547188758850098e-01
9.780109524726867676e-01
9.778693318367004395e-01
9.777296781539916992e-01
9.775923490524291992e-01
9.774566888809204102e-01
9.773228168487548828e-01
9.771903753280639648e-01
9.770590662956237793e-01
9.769301414489746094e-01
9.768028259277343750e-01
9.766781926155090332e-01
9.765563607215881348e-01
9.764361381530761719e-01
9.763172268867492676e-01
9.761997461318969727e-01
9.760828018188476562e-01
9.759662151336669922e-01
9.758514761924743652e-01
9.757376313209533691e-01
9.756237864494323730e-01
9.755111336708068848e-01
9.753989577293395996e-01
9.752871394157409668e-01
9.751746058464050293e-01
9.750607609748840332e-01
9.749449491500854492e-01
9.748296141624450684e-01
9.747140407562255859e-01
9.745988249778747559e-01
9.744845628738403320e-01
9.743705391883850098e-01
9.742569923400878906e-01
9.741445183753967285e-01
9.740323424339294434e-01
9.739183187484741211e-01
9.738017320632934570e-01
9.736837744712829590e-01
9.735639691352844238e-01
9.734417796134948730e-01
9.733152389526367188e-01
9.731857776641845703e-01
9.730520844459533691e-01
9.729142785072326660e-01
9.727749824523925781e-01
9.726343154907226562e-01
9.724897742271423340e-01
9.723412394523620605e-01
9.721901416778564453e-01
9.720357060432434082e-01
9.718788266181945801e-01
9.717212319374084473e-01
9.715629816055297852e-01
9.714015126228332520e-01
9.712381362915039062e-01
9.710761308670043945e-01
9.709143042564392090e-01
9.707550406455993652e-01
9.705986976623535156e-01
9.704430699348449707e-01
9.702875614166259766e-01
9.701315760612487793e-01
9.699756503105163574e-01
9.698170423507690430e-01
9.696581959724426270e-01
9.694980978965759277e-01
9.693360328674316406e-01
9.691740870475769043e-01
9.690126180648803711e-01
9.688491821289062500e-01
9.686865210533142090e-01
9.685238599777221680e-01
9.683605432510375977e-01
9.682001471519470215e-01
9.680415391921997070e-01
9.678843617439270020e-01
9.677283763885498047e-01
9.675734043121337891e-01
9.674190878868103027e-01
9.672628045082092285e-01
9.671036601066589355e-01
9.669427871704101562e-01
9.667810201644897461e-01
9.666182994842529297e-01
9.664537906646728516e-01
9.662879109382629395e-01
9.661212563514709473e-01
9.659535288810729980e-01
9.657852053642272949e-01
9.656162858009338379e-01
9.654468297958374023e-01
9.652760624885559082e-01
9.651038050651550293e-01
9.649310708045959473e-01
9.647592306137084961e-01
9.645865559577941895e-01
9.644130468368530273e-01
9.642381668090820312e-01
9.640620946884155273e-01
9.638856649398803711e-01
9.637080430984497070e-01
9.635291099548339844e-01
9.633491039276123047e-01
9.631683826446533203e-01
9.629882574081420898e-01
9.628069996833801270e-01
9.626233577728271484e-01
9.624404311180114746e-01
9.622464776039123535e-01
9.620532393455505371e-01
9.618574380874633789e-01
9.616550803184509277e-01
9.614546895027160645e-01
9.612549543380737305e-01
9.610502719879150391e-01
9.608410596847534180e-01
9.606322646141052246e-01
9.604148268699645996e-01
9.601892232894897461e-01
9.599502682685852051e-01
9.596959948539733887e-01
9.594371914863586426e-01
9.591641426086425781e-01
9.588850140571594238e-01
9.585803747177124023e-01
9.582715630531311035e-01
9.579468965530395508e-01
9.576283097267150879e-01
9.573335647583007812e-01
9.570708870887756348e-01
9.568088650703430176e-01
9.565594196319580078e-01
9.563112258911132812e-01
9.560592770576477051e-01
9.558045864105224609e-01
9.555451273918151855e-01
9.552801847457885742e-01
9.550161361694335938e-01
9.547519683837890625e-01
9.544712305068969727e-01
9.541885852813720703e-01
9.539086818695068359e-01
9.536311030387878418e-01
9.533560872077941895e-01
9.530887007713317871e-01
9.528220295906066895e-01
9.525564908981323242e-01
9.522969126701354980e-01
9.520413279533386230e-01
9.517834186553955078e-01
9.515314698219299316e-01
9.512835741043090820e-01
9.510384798049926758e-01
9.507905244827270508e-01
9.505402445793151855e-01
9.502882957458496094e-01
9.500412940979003906e-01
9.497918486595153809e-01
9.495418667793273926e-01
9.492896795272827148e-01
9.490396976470947266e-01
9.487908482551574707e-01
9.485456943511962891e-01
9.483061432838439941e-01
9.480701684951782227e-01
9.478340744972229004e-01
9.475958943367004395e-01
9.473550319671630859e-01
9.471183419227600098e-01
9.468830227851867676e-01
9.466404914855957031e-01
9.464030265808105469e-01
9.461672902107238770e-01
9.459379315376281738e-01
9.457110762596130371e-01
9.454872012138366699e-01
9.452657699584960938e-01
9.450454711914062500e-01
9.448279738426208496e-01
9.446081519126892090e-01
9.443913102149963379e-01
9.441717267036437988e-01
9.439575672149658203e-01
9.437456130981445312e-01
9.435354471206665039e-01
9.433289766311645508e-01
9.431211352348327637e-01
9.429183602333068848e-01
9.427177906036376953e-01
9.425200223922729492e-01
9.423264861106872559e-01
9.421426057815551758e-01
9.419695734977722168e-01
9.417819976806640625e-01
9.415713548660278320e-01
9.413813948631286621e-01
9.412147402763366699e-01
9.410251975059509277e-01
9.408288002014160156e-01
9.406602382659912109e-01
9.404829144477844238e-01
9.402915835380554199e-01
9.401175975799560547e-01
9.399451017379760742e-01
9.397582411766052246e-01
9.395793080329895020e-01
9.394073486328125000e-01
9.392282962799072266e-01
9.390472173690795898e-01
9.388759732246398926e-01
9.386997222900390625e-01
9.385171532630920410e-01
9.383416771888732910e-01
9.381675124168395996e-01
9.379858970642089844e-01
9.378079771995544434e-01
9.376376867294311523e-01
9.374635219573974609e-01
9.372883439064025879e-01
9.371161460876464844e-01
9.369495511054992676e-01
9.367783069610595703e-01
9.366082549095153809e-01
9.364408850669860840e-01
9.362751245498657227e-01
9.361062049865722656e-01
9.359351396560668945e-01
9.357624053955078125e-01
9.355925321578979492e-01
9.354252815246582031e-01
9.352636337280273438e-01
9.351012706756591797e-01
9.349442124366760254e-01
9.347879290580749512e-01
9.346348643302917480e-01
9.344788789749145508e-01
9.343256354331970215e-01
9.341727495193481445e-01
9.340161681175231934e-01
9.338585734367370605e-01
9.337148070335388184e-01
9.335743784904479980e-01
9.334377646446228027e-01
9.333005547523498535e-01
9.331592917442321777e-01
9.330237507820129395e-01
9.328871965408325195e-01
9.327507019042968750e-01
9.326165318489074707e-01
9.324845671653747559e-01
9.323557615280151367e-01
9.322272539138793945e-01
9.320873618125915527e-01
9.319441318511962891e-01
9.318086504936218262e-01
9.316704273223876953e-01
9.315381050109863281e-01
9.314022064208984375e-01
9.312760233879089355e-01
9.311461448669433594e-01
9.310225844383239746e-01
9.308966398239135742e-01
9.307660460472106934e-01
9.306344985961914062e-01
9.305170774459838867e-01
9.304095506668090820e-01
9.303061962127685547e-01
9.302050471305847168e-01
9.301122426986694336e-01
9.300248026847839355e-01
9.298779964447021484e-01
9.297868609428405762e-01
9.297626018524169922e-01
9.295895695686340332e-01
9.295402169227600098e-01
9.295248389244079590e-01
9.293140769004821777e-01
9.292982220649719238e-01
9.291526079177856445e-01
9.290588498115539551e-01
9.289807677268981934e-01
9.288499355316162109e-01
9.288123846054077148e-01
9.286662340164184570e-01
9.286354184150695801e-01
9.285115003585815430e-01
9.284525513648986816e-01
9.283451437950134277e-01
9.282738566398620605e-01
9.281917214393615723e-01
9.281035065650939941e-01
9.280287623405456543e-01
9.279335141181945801e-01
9.278691411018371582e-01
9.277641177177429199e-01
9.277007579803466797e-01
9.276013374328613281e-01
9.275358319282531738e-01
9.274407625198364258e-01
9.273715019226074219e-01
9.272805452346801758e-01
9.271982312202453613e-01
9.271147251129150391e-01
9.270176887512207031e-01
9.269425868988037109e-01
9.268379211425781250e-01
9.267634153366088867e-01
9.266555905342102051e-01
9.265697598457336426e-01
9.264634251594543457e-01
9.263630509376525879e-01
9.262579679489135742e-01
9.261493682861328125e-01
9.260427951812744141e-01
9.259275794029235840e-01
9.258155822753906250e-01
9.256965517997741699e-01
9.255836606025695801e-01
9.254679083824157715e-01
9.253496527671813965e-01
9.252335429191589355e-01
9.251155853271484375e-01
9.249991178512573242e-01
9.248787164688110352e-01
9.247558712959289551e-01
9.246318936347961426e-01
9.245063066482543945e-01
9.243811964988708496e-01
9.242554306983947754e-01
9.241278171539306641e-01
9.240028262138366699e-01
9.238742589950561523e-01
9.237522482872009277e-01
9.236286282539367676e-01
9.235065579414367676e-01
9.233818650245666504e-01
9.232555627822875977e-01
9.231284260749816895e-01
9.229948520660400391e-01
9.228625297546386719e-01
9.227299690246582031e-01
9.226032495498657227e-01
9.224807620048522949e-01
9.223645925521850586e-01
9.222348928451538086e-01
9.220690131187438965e-01
9.218910336494445801e-01
9.217401146888732910e-01
9.216195344924926758e-01
9.214835166931152344e-01
9.213122129440307617e-01
9.211536049842834473e-01
9.210245013236999512e-01
9.208921790122985840e-01
9.207319617271423340e-01
9.205630421638488770e-01
9.203958511352539062e-01
9.202390313148498535e-01
9.200743436813354492e-01
9.199277162551879883e-01
9.197728037834167480e-01
9.196040034294128418e-01
9.193921685218811035e-01
9.192131757736206055e-01
9.190620183944702148e-01
9.188839793205261230e-01
9.187058210372924805e-01
9.185059070587158203e-01
9.183102846145629883e-01
9.181233644485473633e-01
9.179437160491943359e-01
9.177793860435485840e-01
9.175981879234313965e-01
9.174309372901916504e-01
9.172069430351257324e-01
9.170034527778625488e-01
9.168258309364318848e-01
9.166629910469055176e-01
9.165053367614746094e-01
9.162953495979309082e-01
9.160876274108886719e-01
9.158990383148193359e-01
9.157121181488037109e-01
9.155166149139404297e-01
9.152984619140625000e-01
9.150746464729309082e-01
9.148427844047546387e-01
9.146176576614379883e-01
9.143913984298706055e-01
9.141470193862915039e-01
9.138900637626647949e-01
9.136239290237426758e-01
9.133660197257995605e-01
9.131282567977905273e-01
9.128955006599426270e-01
9.126834869384765625e-01
9.124881625175476074e-01
9.123392105102539062e-01
9.120290875434875488e-01
9.117599129676818848e-01
9.115433096885681152e-01
9.113829731941223145e-01
9.112555384635925293e-01
9.110574126243591309e-01
9.108680486679077148e-01
9.107382893562316895e-01
9.106267094612121582e-01
9.105188250541687012e-01
9.103252291679382324e-01
9.102509021759033203e-01
9.102612137794494629e-01
9.099711775779724121e-01
9.098293185234069824e-01
9.098268747329711914e-01
9.096008539199829102e-01
9.094528555870056152e-01
9.093937873840332031e-01
9.092534184455871582e-01
9.091150164604187012e-01
9.090400934219360352e-01
9.089599251747131348e-01
9.088292717933654785e-01
9.087189435958862305e-01
9.086510539054870605e-01
9.085592031478881836e-01
9.084439873695373535e-01
9.083526730537414551e-01
9.082888960838317871e-01
9.082081913948059082e-01
9.081007242202758789e-01
9.079998731613159180e-01
9.079249501228332520e-01
9.078510403633117676e-01
9.077724218368530273e-01
9.076822996139526367e-01
9.076047539710998535e-01
9.075340628623962402e-01
9.074568748474121094e-01
9.073797464370727539e-01
9.073067903518676758e-01
9.072356820106506348e-01
9.071667790412902832e-01
9.070965647697448730e-01
9.070255756378173828e-01
9.069554805755615234e-01
9.068822264671325684e-01
9.068172574043273926e-01
9.067586660385131836e-01
9.067025184631347656e-01
9.066540002822875977e-01
9.065924882888793945e-01
9.065390229225158691e-01
9.064933061599731445e-01
9.064586162567138672e-01
9.064193964004516602e-01
9.063417315483093262e-01
9.062145948410034180e-01
9.061149358749389648e-01
9.060712456703186035e-01
9.060401320457458496e-01
9.059613943099975586e-01
9.058654308319091797e-01
9.058058857917785645e-01
9.057695865631103516e-01
9.057167768478393555e-01
9.056469202041625977e-01
9.055974483489990234e-01
9.055568575859069824e-01
9.054912328720092773e-01
9.053924679756164551e-01
9.053111672401428223e-01
9.052592515945434570e-01
9.052011370658874512e-01
9.051290750503540039e-01
9.050557017326354980e-01
9.050030112266540527e-01
9.049454331398010254e-01
9.048847556114196777e-01
9.048328399658203125e-01
9.047724008560180664e-01
9.047048091888427734e-01
9.046257138252258301e-01
9.045519232749938965e-01
9.044904112815856934e-01
9.044360518455505371e-01
9.043813943862915039e-01
9.043251276016235352e-01
9.042779207229614258e-01
9.042330384254455566e-01
9.041798114776611328e-01
9.041072130203247070e-01
9.040430784225463867e-01
9.039854407310485840e-01
9.039312601089477539e-01
9.038796424865722656e-01
9.038279056549072266e-01
9.037824273109436035e-01
9.037331342697143555e-01
9.036841392517089844e-01
9.036308526992797852e-01
9.035696387290954590e-01
9.035115242004394531e-01
9.034553766250610352e-01
9.034045338630676270e-01
9.033567905426025391e-01
9.033066034317016602e-01
9.032665491104125977e-01
9.032380580902099609e-01
9.032065868377685547e-01
9.031519889831542969e-01
9.030807018280029297e-01
9.030147790908813477e-01
9.029526710510253906e-01
9.028947949409484863e-01
9.028486013412475586e-01
9.028111696243286133e-01
9.027733206748962402e-01
9.027369022369384766e-01
9.026845097541809082e-01
9.026191830635070801e-01
9.025560021400451660e-01
9.024871587753295898e-01
9.024235606193542480e-01
9.023707509040832520e-01
9.023231863975524902e-01
9.022786021232604980e-01
9.022285342216491699e-01
9.021712541580200195e-01
9.021186232566833496e-01
9.020695090293884277e-01
9.020312428474426270e-01
9.019951820373535156e-01
9.019593596458435059e-01
9.019173383712768555e-01
9.018748998641967773e-01
9.018142223358154297e-01
9.017189741134643555e-01
9.016371965408325195e-01
9.015756249427795410e-01
9.015231728553771973e-01
9.014770984649658203e-01
9.014230370521545410e-01
9.013609290122985840e-01
9.013027548789978027e-01
9.012440443038940430e-01
9.011924266815185547e-01
9.011364579200744629e-01
9.010860919952392578e-01
9.010350704193115234e-01
9.009861350059509277e-01
9.009414315223693848e-01
9.009152650833129883e-01
9.008721113204956055e-01
9.008567333221435547e-01
9.007518291473388672e-01
9.006738662719726562e-01
9.005766510963439941e-01
9.005190134048461914e-01
9.005009531974792480e-01
9.004424810409545898e-01
9.004121422767639160e-01
9.003230333328247070e-01
9.002581834793090820e-01
9.001952409744262695e-01
9.001284837722778320e-01
9.000623822212219238e-01
8.999935388565063477e-01
8.999259471893310547e-01
8.998650312423706055e-01
8.998061418533325195e-01
8.997496366500854492e-01
8.996953368186950684e-01
8.996604084968566895e-01
8.996580839157104492e-01
8.997561931610107422e-01
8.996555209159851074e-01
8.995985984802246094e-01
8.994024395942687988e-01
8.993308544158935547e-01
8.993515372276306152e-01
8.992660641670227051e-01
8.991514444351196289e-01
8.990592360496520996e-01
8.990510106086730957e-01
8.990381956100463867e-01
8.989362120628356934e-01
8.988333940505981445e-01
8.987762928009033203e-01
8.987622261047363281e-01
8.987314701080322266e-01
8.986151218414306641e-01
8.985329270362854004e-01
8.984976410865783691e-01
8.984523415565490723e-01
8.983767628669738770e-01
8.983004093170166016e-01
8.982453346252441406e-01
8.982015848159790039e-01
8.981359004974365234e-01
8.980558514595031738e-01
8.979892730712890625e-01
8.979396820068359375e-01
8.978881239891052246e-01
8.978265523910522461e-01
8.977679610252380371e-01
8.977196216583251953e-01
8.976730704307556152e-01
8.976141810417175293e-01
8.975409269332885742e-01
8.974633812904357910e-01
8.973935246467590332e-01
8.973322510719299316e-01
8.972753882408142090e-01
8.972175121307373047e-01
8.971645832061767578e-01
8.971112966537475586e-01
8.970549702644348145e-01
8.970013856887817383e-01
8.969386816024780273e-01
8.968660235404968262e-01
8.967874646186828613e-01
8.967121839523315430e-01
8.966505527496337891e-01
8.965991735458374023e-01
8.965556025505065918e-01
8.965449929237365723e-01
8.964968919754028320e-01
8.964591622352600098e-01
8.963040113449096680e-01
8.961530327796936035e-01
8.960362672805786133e-01
8.959818482398986816e-01
8.959894776344299316e-01
8.959552645683288574e-01
8.958747982978820801e-01
8.956822156906127930e-01
8.955333232879638672e-01
8.954809308052062988e-01
8.954687714576721191e-01
8.954194784164428711e-01
8.952777981758117676e-01
8.951618075370788574e-01
8.950881361961364746e-01
8.950501084327697754e-01
8.950114846229553223e-01
8.949210643768310547e-01
8.948251605033874512e-01
8.947386145591735840e-01
8.946722745895385742e-01
8.946204185485839844e-01
8.945671319961547852e-01
8.945112228393554688e-01
8.944322466850280762e-01
8.943488597869873047e-01
8.942724466323852539e-01
8.942092657089233398e-01
8.941550254821777344e-01
8.940984010696411133e-01
8.940436244010925293e-01
8.939990997314453125e-01
8.939746618270874023e-01
8.939304351806640625e-01
8.938625454902648926e-01
8.937623500823974609e-01
8.936627507209777832e-01
8.935971260070800781e-01
8.935449123382568359e-01
8.934945464134216309e-01
8.934522867202758789e-01
8.934072256088256836e-01
8.933735489845275879e-01
8.933381438255310059e-01
8.932852149009704590e-01
8.932137489318847656e-01
8.931106328964233398e-01
8.930262327194213867e-01
8.929578065872192383e-01
8.929007649421691895e-01
8.928490281105041504e-01
8.928027749061584473e-01
8.927591443061828613e-01
8.927212357521057129e-01
8.926929235458374023e-01
8.926478624343872070e-01
8.925836086273193359e-01
8.925083875656127930e-01
8.924163579940795898e-01
8.923457264900207520e-01
8.923029303550720215e-01
8.922743201255798340e-01
8.922525644302368164e-01
8.922204375267028809e-01
8.921784162521362305e-01
8.920957446098327637e-01
8.920068740844726562e-01
8.919344544410705566e-01
8.918862938880920410e-01
8.918399810791015625e-01
8.917888402938842773e-01
8.917416930198669434e-01
8.916847109794616699e-01
8.916290402412414551e-01
8.915660381317138672e-01
8.915080428123474121e-01
8.914494514465332031e-01
8.913990259170532227e-01
8.913616538047790527e-01
8.913161754608154297e-01
8.912632465362548828e-01
8.912035822868347168e-01
8.911409974098205566e-01
8.910893797874450684e-01
8.910408616065979004e-01
8.909932374954223633e-01
8.909477591514587402e-01
8.908955454826354980e-01
8.908444643020629883e-01
8.907948732376098633e-01
8.907455801963806152e-01
8.906991481781005859e-01
8.906539678573608398e-01
8.906066417694091797e-01
8.905551433563232422e-01
8.904986381530761719e-01
8.904467225074768066e-01
8.904027938842773438e-01
8.903644680976867676e-01
8.903280496597290039e-01
8.902916908264160156e-01
8.902355432510375977e-01
8.901847600936889648e-01
8.901301026344299316e-01
8.900818824768066406e-01
8.900266289710998535e-01
8.899756073951721191e-01
8.899283409118652344e-01
8.898721337318420410e-01
8.898205757141113281e-01
8.897691369056701660e-01
8.897175788879394531e-01
8.896780610084533691e-01
8.896371126174926758e-01
8.895953297615051270e-01
8.895651102066040039e-01
8.895131945610046387e-01
8.894726634025573730e-01
8.894140124320983887e-01
8.893514275550842285e-01
8.892888426780700684e-01
8.892315030097961426e-01
8.891823291778564453e-01
8.891362547874450684e-01
8.890907764434814453e-01
8.890570998191833496e-01
8.890498876571655273e-01
8.891109824180603027e-01
8.892414569854736328e-01
8.892591595649719238e-01
8.890590071678161621e-01
8.888054490089416504e-01
8.887553811073303223e-01
8.888164162635803223e-01
8.888567090034484863e-01
8.887431621551513672e-01
8.885459303855895996e-01
8.884525895118713379e-01
8.884658217430114746e-01
8.884855508804321289e-01
8.884683251380920410e-01
8.883620500564575195e-01
8.882572054862976074e-01
8.881891369819641113e-01
8.881723880767822266e-01
8.881739377975463867e-01
8.881224393844604492e-01
8.880507349967956543e-01
8.879706263542175293e-01
8.879308104515075684e-01
8.879037499427795410e-01
8.878571987152099609e-01
8.878004550933837891e-01
8.877426385879516602e-01
8.876986503601074219e-01
8.876646161079406738e-01
8.876312375068664551e-01
8.875830173492431641e-01
8.875291347503662109e-01
8.874801397323608398e-01
8.874433040618896484e-01
8.874103426933288574e-01
8.873745203018188477e-01
8.873362541198730469e-01
8.873010873794555664e-01
8.872765898704528809e-01
8.872574567794799805e-01
8.872302770614624023e-01
8.871948719024658203e-01
8.871514201164245605e-01
8.870921730995178223e-01
8.870233297348022461e-01
8.869652152061462402e-01
8.869107365608215332e-01
8.868581056594848633e-01
8.868074417114257812e-01
8.867623805999755859e-01
8.867207169532775879e-01
8.866830468177795410e-01
8.866471648216247559e-01
8.866110444068908691e-01
8.865802884101867676e-01
8.865538835525512695e-01
8.865407705307006836e-01
8.865292072296142578e-01
8.865171670913696289e-01
8.864877223968505859e-01
8.864472508430480957e-01
8.863805532455444336e-01
8.862999677658081055e-01
8.862142562866210938e-01
8.861559629440307617e-01
8.861157894134521484e-01
8.860846161842346191e-01
8.860646486282348633e-01
8.860294222831726074e-01
8.860031962394714355e-01
8.859569430351257324e-01
8.859137296676635742e-01
8.858599662780761719e-01
8.858121037483215332e-01
8.857651948928833008e-01
8.857276439666748047e-01
8.856906294822692871e-01
8.856585621833801270e-01
8.856282234191894531e-01
8.855996727943420410e-01
8.855661153793334961e-01
8.855435252189636230e-01
