1.026044130325317383e+00
1.024830341339111328e+00
1.023671030998229980e+00
1.022566318511962891e+00
1.021510243415832520e+00
1.020508646965026855e+00
1.019558787345886230e+00
1.018656492233276367e+00
1.017796397209167480e+00
1.016975164413452148e+00
1.016188979148864746e+00
1.015436768531799316e+00
1.014718174934387207e+00
1.014031648635864258e+00
1.013376712799072266e+00
1.012751698493957520e+00
1.012155771255493164e+00
1.011587500572204590e+00
1.011045455932617188e+00
1.010528445243835449e+00
1.010035037994384766e+00
1.009563803672790527e+00
1.009113907814025879e+00
1.008683681488037109e+00
1.008272886276245117e+00
1.007881760597229004e+00
1.007511019706726074e+00
1.007163643836975098e+00
1.006830334663391113e+00
1.006511330604553223e+00
1.006206393241882324e+00
1.005911707878112793e+00
1.005625963211059570e+00
1.005348205566406250e+00
1.005078673362731934e+00
1.004816889762878418e+00
1.004562139511108398e+00
1.004313707351684570e+00
1.004070520401000977e+00
1.003829240798950195e+00
1.003590345382690430e+00
1.003353834152221680e+00
1.003122210502624512e+00
1.002895712852478027e+00
1.002675294876098633e+00
1.002461194992065430e+00
1.002252340316772461e+00
1.002047896385192871e+00
1.001848578453063965e+00
1.001652359962463379e+00
1.001459598541259766e+00
1.001270294189453125e+00
1.001084685325622559e+00
1.000902295112609863e+00
1.000719666481018066e+00
1.000537157058715820e+00
1.000362277030944824e+00
1.000202059745788574e+00
1.000049471855163574e+00
9.998987913131713867e-01
9.997465014457702637e-01
9.995948076248168945e-01
9.994443058967590332e-01
9.992961883544921875e-01
9.991487264633178711e-01
9.989979267120361328e-01
9.988456368446350098e-01
9.986935257911682129e-01
9.985412955284118652e-01
9.983909726142883301e-01
9.982408881187438965e-01
9.980914592742919922e-01
9.979391694068908691e-01
9.977859258651733398e-01
9.976288676261901855e-01
9.974700212478637695e-01
9.973087310791015625e-01
9.971429705619812012e-01
9.969744682312011719e-01
9.968027472496032715e-01
9.966265559196472168e-01
9.964452385902404785e-01
9.962512254714965820e-01
9.960366487503051758e-01
9.958010315895080566e-01
9.955387115478515625e-01
9.952722191810607910e-01
9.950193762779235840e-01
9.947764277458190918e-01
9.945308566093444824e-01
9.942669868469238281e-01
9.939974546432495117e-01
9.937093853950500488e-01
9.934028983116149902e-01
9.930921792984008789e-01
9.927805662155151367e-01
9.924703240394592285e-01
9.921694993972778320e-01
9.918769598007202148e-01
9.915863275527954102e-01
9.913012385368347168e-01
9.910235404968261719e-01
9.907519221305847168e-01
9.904851317405700684e-01
9.902222752571105957e-01
9.899619817733764648e-01
9.897069931030273438e-01
9.894560575485229492e-01
9.892091155052185059e-01
9.889638423919677734e-01
9.887195229530334473e-01
9.884738922119140625e-01
9.882241487503051758e-01
9.879702329635620117e-01
9.877114295959472656e-01
9.874491691589355469e-01
9.871835112571716309e-01
9.869173765182495117e-01
9.866496324539184570e-01
9.863808155059814453e-01
9.861114025115966797e-01
9.858417510986328125e-01
9.855725765228271484e-01
9.853031635284423828e-01
9.850310683250427246e-01
9.847605228424072266e-01
9.844866991043090820e-01
9.842106699943542480e-01
9.839336872100830078e-01
9.836562275886535645e-01
9.833810329437255859e-01
9.831081628799438477e-01
9.828349947929382324e-01
9.825602769851684570e-01
9.822831749916076660e-01
9.820041656494140625e-01
9.817222952842712402e-01
9.814395308494567871e-01
9.811568856239318848e-01
9.808745384216308594e-01
9.805923700332641602e-01
9.803132414817810059e-01
9.800402522087097168e-01
9.797736406326293945e-01
9.795120358467102051e-01
9.792545437812805176e-01
9.790070652961730957e-01
9.787589311599731445e-01
9.785136580467224121e-01
9.782740473747253418e-01
9.780352115631103516e-01
9.777961969375610352e-01
9.775582551956176758e-01
9.773240089416503906e-01
9.770937561988830566e-01
9.768657684326171875e-01
9.766406416893005371e-01
9.764187335968017578e-01
9.761998653411865234e-01
9.759846925735473633e-01
9.757699966430664062e-01
9.755533933639526367e-01
9.753379821777343750e-01
9.751220345497131348e-01
9.749040603637695312e-01
9.746873974800109863e-01
9.744718670845031738e-01
9.742557406425476074e-01
9.740396738052368164e-01
9.738240242004394531e-01
9.736099243164062500e-01
9.733947515487670898e-01
9.731821417808532715e-01
9.729727506637573242e-01
9.727642536163330078e-01
9.725548028945922852e-01
9.723475575447082520e-01
9.721431732177734375e-01
9.719406962394714355e-01
9.717398285865783691e-01
9.715395569801330566e-01
9.713416695594787598e-01
9.711438417434692383e-01
9.709458947181701660e-01
9.707500934600830078e-01
9.705545902252197266e-01
9.703589677810668945e-01
9.701640605926513672e-01
9.699699878692626953e-01
9.697749018669128418e-01
9.695811271667480469e-01
9.693880677223205566e-01
9.691947102546691895e-01
9.690004587173461914e-01
9.688040018081665039e-01
9.686059355735778809e-01
9.684057235717773438e-01
9.682044386863708496e-01
9.680020213127136230e-01
9.677981734275817871e-01
9.675937891006469727e-01
9.673873186111450195e-01
9.671798944473266602e-01
9.669713377952575684e-01
9.667622447013854980e-01
9.665527343750000000e-01
9.663419127464294434e-01
9.661328196525573730e-01
9.659221172332763672e-01
9.657116532325744629e-01
9.655011892318725586e-01
9.652891159057617188e-01
9.650772809982299805e-01
9.648644924163818359e-01
9.646503925323486328e-01
9.644349217414855957e-01
9.642191529273986816e-01
9.640028476715087891e-01
9.637864828109741211e-01
9.635685682296752930e-01
9.633487462997436523e-01
9.631271362304687500e-01
9.629040956497192383e-01
9.626829028129577637e-01
9.624606966972351074e-01
9.622365236282348633e-01
9.620090126991271973e-01
9.617812633514404297e-01
9.615566134452819824e-01
9.613341689109802246e-01
9.611119031906127930e-01
9.608848690986633301e-01
9.606550335884094238e-01
9.604228734970092773e-01
9.601906538009643555e-01
9.599567055702209473e-01
9.597235918045043945e-01
9.594883322715759277e-01
9.592508673667907715e-01
9.590124487876892090e-01
9.587721228599548340e-01
9.585300683975219727e-01
9.582872390747070312e-01
9.580420255661010742e-01
9.577938318252563477e-01
9.575426578521728516e-01
9.572895765304565430e-01
9.570318460464477539e-01
9.567698240280151367e-01
9.565032124519348145e-01
9.562314152717590332e-01
9.559574723243713379e-01
9.556829333305358887e-01
9.554032087326049805e-01
9.551187157630920410e-01
9.548307061195373535e-01
9.545381665229797363e-01
9.542411565780639648e-01
9.539428353309631348e-01
9.536427855491638184e-01
9.533407688140869141e-01
9.530355930328369141e-01
9.527291655540466309e-01
9.524191617965698242e-01
9.521023035049438477e-01
9.517827630043029785e-01
9.514619708061218262e-01
9.511371254920959473e-01
9.508084654808044434e-01
9.504778385162353516e-01
9.501440525054931641e-01
9.498066306114196777e-01
9.494656920433044434e-01
9.491229057312011719e-01
9.487764835357666016e-01
9.484207630157470703e-01
9.480582475662231445e-01
9.476875662803649902e-01
9.473111033439636230e-01
9.469259381294250488e-01
9.465285539627075195e-01
9.461228251457214355e-01
9.457107782363891602e-01
9.452931284904479980e-01
9.448763132095336914e-01
9.444584846496582031e-01
9.440378546714782715e-01
9.436113834381103516e-01
9.431903958320617676e-01
9.427762627601623535e-01
9.423335194587707520e-01
9.418784379959106445e-01
9.414393901824951172e-01
9.410182833671569824e-01
9.405761957168579102e-01
9.401248097419738770e-01
9.396907687187194824e-01
9.392765164375305176e-01
9.388595819473266602e-01
9.384275674819946289e-01
9.380034208297729492e-01
9.375932812690734863e-01
9.371803998947143555e-01
9.367548227310180664e-01
9.363479614257812500e-01
9.359350800514221191e-01
9.355297684669494629e-01
9.351084232330322266e-01
9.346961975097656250e-01
9.342854022979736328e-01
9.338738322257995605e-01
9.334622025489807129e-01
9.330417513847351074e-01
9.326356649398803711e-01
9.322220683097839355e-01
9.318137168884277344e-01
9.313935637474060059e-01
9.309755563735961914e-01
9.305620789527893066e-01
9.301413297653198242e-01
9.297280907630920410e-01
9.293062686920166016e-01
9.288862943649291992e-01
9.284702539443969727e-01
9.280529022216796875e-01
9.276470541954040527e-01
9.272314906120300293e-01
9.268101453781127930e-01
9.263944029808044434e-01
9.259706735610961914e-01
9.255727529525756836e-01
9.251816272735595703e-01
9.247932434082031250e-01
9.244028329849243164e-01
9.240099191665649414e-01
9.236170649528503418e-01
9.232217669486999512e-01
9.228233695030212402e-01
9.224289655685424805e-01
9.220284819602966309e-01
9.216338396072387695e-01
9.212463498115539551e-01
9.208561182022094727e-01
9.204517006874084473e-01
9.200497865676879883e-01
9.196180701255798340e-01
9.191895127296447754e-01
9.187774062156677246e-01
9.183925986289978027e-01
9.180244803428649902e-01
9.176419973373413086e-01
9.172543883323669434e-01
9.168882369995117188e-01
9.165452122688293457e-01
9.162175059318542480e-01
9.158744215965270996e-01
9.155306220054626465e-01
9.151988029479980469e-01
9.148859977722167969e-01
9.145941734313964844e-01
9.143058061599731445e-01
9.139770269393920898e-01
9.136620163917541504e-01
9.133573174476623535e-01
9.130645394325256348e-01
9.127799868583679199e-01
9.125096797943115234e-01
9.122664332389831543e-01
9.120509624481201172e-01
9.118697643280029297e-01
9.115383028984069824e-01
9.111909866333007812e-01
9.109412431716918945e-01
9.107427597045898438e-01
9.104976654052734375e-01
9.102056622505187988e-01
9.099873304367065430e-01
9.098148345947265625e-01
9.095377326011657715e-01
9.092857837677001953e-01
9.090986251831054688e-01
9.088940024375915527e-01
9.086471796035766602e-01
9.084251523017883301e-01
9.082481265068054199e-01
9.080473184585571289e-01
9.078024029731750488e-01
9.076060652732849121e-01
9.074154496192932129e-01
9.072147011756896973e-01
9.069996476173400879e-01
9.068076610565185547e-01
9.066214561462402344e-01
9.064368009567260742e-01
9.062466621398925781e-01
9.060551524162292480e-01
9.058699607849121094e-01
9.056891202926635742e-01
9.055148363113403320e-01
9.053320288658142090e-01
9.051491022109985352e-01
9.049662351608276367e-01
9.047830700874328613e-01
9.046069383621215820e-01
9.044312834739685059e-01
9.042541384696960449e-01
9.040821194648742676e-01
9.039092063903808594e-01
9.037368297576904297e-01
9.035671949386596680e-01
9.033989310264587402e-01
9.032377600669860840e-01
9.030925035476684570e-01
9.029447436332702637e-01
9.028019309043884277e-01
9.026213884353637695e-01
9.024321436882019043e-01
9.022404551506042480e-01
9.020773172378540039e-01
9.019376635551452637e-01
9.017880558967590332e-01
9.016196131706237793e-01
9.014259576797485352e-01
9.012693762779235840e-01
9.011359810829162598e-01
9.009874463081359863e-01
9.008066654205322266e-01
9.006310105323791504e-01
9.004853963851928711e-01
9.003511071205139160e-01
9.002150893211364746e-01
9.000672698020935059e-01
8.999072909355163574e-01
8.997357487678527832e-01
8.995695710182189941e-01
8.994065523147583008e-01
8.992551565170288086e-01
8.991075754165649414e-01
8.989679813385009766e-01
8.988386988639831543e-01
8.987050652503967285e-01
8.985542058944702148e-01
8.983999490737915039e-01
8.982183933258056641e-01
8.980537056922912598e-01
8.979095816612243652e-01
8.977795839309692383e-01
8.976486325263977051e-01
8.974783420562744141e-01
8.973129391670227051e-01
8.971534371376037598e-01
8.970133066177368164e-01
8.968873023986816406e-01
8.967579007148742676e-01
8.966148495674133301e-01
8.964551091194152832e-01
8.962922692298889160e-01
8.961465358734130859e-01
8.960134387016296387e-01
8.958764076232910156e-01
8.957365751266479492e-01
8.955972790718078613e-01
8.954516053199768066e-01
8.953124284744262695e-01
8.951708674430847168e-01
8.950313925743103027e-01
8.948928117752075195e-01
8.947587609291076660e-01
8.946284651756286621e-01
8.944991827011108398e-01
8.943709731101989746e-01
8.942427039146423340e-01
8.941210508346557617e-01
8.940002918243408203e-01
8.938974738121032715e-01
8.937967419624328613e-01
8.936926126480102539e-01
8.935410976409912109e-01
8.933734297752380371e-01
8.932210803031921387e-01
8.930989503860473633e-01
8.929951786994934082e-01
8.928762078285217285e-01
8.927504420280456543e-01
8.926143050193786621e-01
8.924705386161804199e-01
8.923274278640747070e-01
8.921947479248046875e-01
8.920707106590270996e-01
8.919434547424316406e-01
8.918203711509704590e-01
8.916810750961303711e-01
8.915362358093261719e-01
8.913700580596923828e-01
8.912026286125183105e-01
8.910298347473144531e-01
8.908612728118896484e-01
8.906913995742797852e-01
8.905244469642639160e-01
8.903588056564331055e-01
8.901992440223693848e-01
8.900496959686279297e-01
8.899174928665161133e-01
8.898046016693115234e-01
8.897629380226135254e-01
8.897317647933959961e-01
8.895768523216247559e-01
8.892980813980102539e-01
8.890681862831115723e-01
8.889412283897399902e-01
8.888769745826721191e-01
8.887743949890136719e-01
8.885864019393920898e-01
8.883751630783081055e-01
8.882489800453186035e-01
8.881835341453552246e-01
8.880535364151000977e-01
8.878586292266845703e-01
8.876892328262329102e-01
8.875868320465087891e-01
8.874911069869995117e-01
8.873548507690429688e-01
8.871831297874450684e-01
8.870308399200439453e-01
8.869124054908752441e-01
8.868219256401062012e-01
8.867064118385314941e-01
8.865560293197631836e-01
8.863998055458068848e-01
8.862572312355041504e-01
8.861376047134399414e-01
8.860271573066711426e-01
8.859224319458007812e-01
8.858020305633544922e-01
8.856783509254455566e-01
8.855394124984741211e-01
8.854029774665832520e-01
8.852829337120056152e-01
8.851764798164367676e-01
8.850715756416320801e-01
8.849596381187438965e-01
8.848426938056945801e-01
8.847154378890991211e-01
8.845835328102111816e-01
8.844568729400634766e-01
8.843321800231933594e-01
8.842136263847351074e-01
8.840959668159484863e-01
8.839814662933349609e-01
8.838699460029602051e-01
8.837619423866271973e-01
8.836608529090881348e-01
8.835672736167907715e-01
8.835158944129943848e-01
8.834730386734008789e-01
8.833888769149780273e-01
8.832512497901916504e-01
8.830462694168090820e-01
8.828467130661010742e-01
8.827410936355590820e-01
8.826960921287536621e-01
8.826174736022949219e-01
8.824762701988220215e-01
8.823083043098449707e-01
8.821771740913391113e-01
8.820909261703491211e-01
8.820121884346008301e-01
8.818979263305664062e-01
8.817628622055053711e-01
8.816282153129577637e-01
8.815227746963500977e-01
8.814401030540466309e-01
8.813456296920776367e-01
8.812377452850341797e-01
8.811025023460388184e-01
8.809753656387329102e-01
8.808652162551879883e-01
8.807682394981384277e-01
8.806737661361694336e-01
8.805729150772094727e-01
8.804665207862854004e-01
8.803519010543823242e-01
8.802456855773925781e-01
8.801364898681640625e-01
8.800311684608459473e-01
8.799248933792114258e-01
8.798264861106872559e-01
8.797301650047302246e-01
8.796519041061401367e-01
8.795754313468933105e-01
8.795056939125061035e-01
8.794312477111816406e-01
8.793374896049499512e-01
8.791918158531188965e-01
8.790512681007385254e-01
8.789166212081909180e-01
8.788041472434997559e-01
8.787217140197753906e-01
8.786621093750000000e-01
8.786464929580688477e-01
8.786169290542602539e-01
8.785973191261291504e-01
8.784163594245910645e-01
8.782286643981933594e-01
8.780530095100402832e-01
8.779491782188415527e-01
8.779187202453613281e-01
8.778990507125854492e-01
8.778387308120727539e-01
8.776761889457702637e-01
8.775026798248291016e-01
8.773840665817260742e-01
8.773238062858581543e-01
8.772734999656677246e-01
8.771786689758300781e-01
8.770790100097656250e-01
8.769505620002746582e-01
8.768408298492431641e-01
8.767566680908203125e-01
8.766790628433227539e-01
8.765937089920043945e-01
8.764968514442443848e-01
8.763923048973083496e-01
8.762935400009155273e-01
8.762024641036987305e-01
8.761211037635803223e-01
8.760387897491455078e-01
8.759587407112121582e-01
8.758835792541503906e-01
8.758350610733032227e-01
8.757840991020202637e-01
8.757351040840148926e-01
8.756657242774963379e-01
8.755333423614501953e-01
8.753903508186340332e-01
8.752611279487609863e-01
8.751368522644042969e-01
8.750425577163696289e-01
8.749693632125854492e-01
8.748971223831176758e-01
8.748275041580200195e-01
8.747428655624389648e-01
8.746732473373413086e-01
8.745875358581542969e-01
8.744951486587524414e-01
8.743965625762939453e-01
8.742918968200683594e-01
8.741960525512695312e-01
8.741052746772766113e-01
8.740239143371582031e-01
8.739518523216247559e-01
8.738796710968017578e-01
8.737940788269042969e-01
8.737070560455322266e-01
8.736181259155273438e-01
8.735302090644836426e-01
8.734482526779174805e-01
8.733665943145751953e-01
8.732858300209045410e-01
8.732072710990905762e-01
8.731259703636169434e-01
8.730511665344238281e-01
8.729768395423889160e-01
8.729258179664611816e-01
8.729017376899719238e-01
8.729375600814819336e-01
8.731215000152587891e-01
8.733841776847839355e-01
8.735284805297851562e-01
8.729466199874877930e-01
8.723751902580261230e-01
8.724596500396728516e-01
8.727198243141174316e-01
8.725069165229797363e-01
8.720684647560119629e-01
8.721774816513061523e-01
8.723171949386596680e-01
8.719587326049804688e-01
8.718093633651733398e-01
8.719558119773864746e-01
8.717933297157287598e-01
8.715608716011047363e-01
8.715763092041015625e-01
8.715726137161254883e-01
8.713872432708740234e-01
8.712862133979797363e-01
8.713005781173706055e-01
8.712260723114013672e-01
8.710812330245971680e-01
8.710247278213500977e-01
8.710117936134338379e-01
8.709200620651245117e-01
8.708013892173767090e-01
8.707348108291625977e-01
8.707023262977600098e-01
8.706278204917907715e-01
8.705310821533203125e-01
8.704599142074584961e-01
8.704112768173217773e-01
8.703422546386718750e-01
8.702527284622192383e-01
8.701878786087036133e-01
8.701353073120117188e-01
8.700544238090515137e-01
8.699720501899719238e-01
8.699038624763488770e-01
8.698495030403137207e-01
8.697805404663085938e-01
8.696996569633483887e-01
8.696257472038269043e-01
8.695650100708007812e-01
8.694993853569030762e-01
8.694325685501098633e-01
8.693648576736450195e-01
8.692986965179443359e-01
8.692329525947570801e-01
8.691695928573608398e-01
8.691064119338989258e-01
8.690438866615295410e-01
8.689823746681213379e-01
8.689223527908325195e-01
8.688675761222839355e-01
8.688077330589294434e-01
8.687480688095092773e-01
8.686777949333190918e-01
8.686037063598632812e-01
8.685337305068969727e-01
8.684638142585754395e-01
8.683989048004150391e-01
8.683423399925231934e-01
8.682916760444641113e-01
8.682640194892883301e-01
8.682423830032348633e-01
8.682373166084289551e-01
8.681501746177673340e-01
8.680648803710937500e-01
8.679522275924682617e-01
8.678673505783081055e-01
8.677897453308105469e-01
8.677248358726501465e-01
8.676602840423583984e-01
8.675929903984069824e-01
8.675369620323181152e-01
8.674845099449157715e-01
8.674297332763671875e-01
8.674057126045227051e-01
8.674206733703613281e-01
8.673914074897766113e-01
8.673443794250488281e-01
8.672240972518920898e-01
8.671122193336486816e-01
8.669922947883605957e-01
8.669308423995971680e-01
8.669150471687316895e-01
8.669055104255676270e-01
8.669114112854003906e-01
8.668355345726013184e-01
8.667197227478027344e-01
8.665803670883178711e-01
8.664883971214294434e-01
8.664131760597229004e-01
8.663518428802490234e-01
8.663064837455749512e-01
8.662493824958801270e-01
8.662048578262329102e-01
8.661408424377441406e-01
8.660606145858764648e-01
8.659611344337463379e-01
8.658806681632995605e-01
8.657855987548828125e-01
8.657103776931762695e-01
8.656383752822875977e-01
8.655687570571899414e-01
8.654997348785400391e-01
8.654437661170959473e-01
8.653782606124877930e-01
8.653198480606079102e-01
8.652644753456115723e-01
8.652071952819824219e-01
8.651595711708068848e-01
8.651263117790222168e-01
8.650988340377807617e-01
8.650752305984497070e-01
8.651140928268432617e-01
8.651594519615173340e-01
8.653190732002258301e-01
8.652071952819824219e-01
8.650803565979003906e-01
8.647437691688537598e-01
8.645867109298706055e-01
8.646175265312194824e-01
8.646888136863708496e-01
8.647132515907287598e-01
8.645176887512207031e-01
8.643599152565002441e-01
8.642768859863281250e-01
8.642689585685729980e-01
8.642621040344238281e-01
8.641726970672607422e-01
8.640863895416259766e-01
8.640131950378417969e-01
8.639730811119079590e-01
8.639540076255798340e-01
8.639289736747741699e-01
8.639193177223205566e-01
8.638576865196228027e-01
8.638010025024414062e-01
8.636954426765441895e-01
8.635990023612976074e-01
8.635403513908386230e-01
8.635130524635314941e-01
8.634894490242004395e-01
8.634282350540161133e-01
8.633633852005004883e-01
8.632791042327880859e-01
8.632318377494812012e-01
8.631936311721801758e-01
8.631649613380432129e-01
8.631336688995361328e-01
8.630869984626770020e-01
8.630210161209106445e-01
8.629391193389892578e-01
8.628745079040527344e-01
8.628304600715637207e-01
8.628084659576416016e-01
8.628216981887817383e-01
8.628574013710021973e-01
8.629053235054016113e-01
8.629268407821655273e-01
8.629169464111328125e-01
8.627237677574157715e-01
8.625285625457763672e-01
8.623890876770019531e-01
8.623861670494079590e-01
8.624461293220520020e-01
8.624603152275085449e-01
8.623923063278198242e-01
8.622314333915710449e-01
8.621032834053039551e-01
8.620849251747131348e-01
8.621218800544738770e-01
8.621298074722290039e-01
8.620464801788330078e-01
8.619114160537719727e-01
8.617990612983703613e-01
8.617609143257141113e-01
8.617819547653198242e-01
8.617780208587646484e-01
8.617144227027893066e-01
8.616160750389099121e-01
8.615003824234008789e-01
8.614143729209899902e-01
8.613794445991516113e-01
8.613650202751159668e-01
8.613502383232116699e-01
8.613012433052062988e-01
8.612330555915832520e-01
8.611317276954650879e-01
8.610392212867736816e-01
8.609828948974609375e-01
8.609583377838134766e-01
8.609327077865600586e-01
8.608760833740234375e-01
8.607970476150512695e-01
8.607177138328552246e-01
8.606663942337036133e-01
8.606390953063964844e-01
8.606192469596862793e-01
8.605826497077941895e-01
8.605058193206787109e-01
8.604208827018737793e-01
8.603510856628417969e-01
8.602969050407409668e-01
8.602595329284667969e-01
8.602171540260314941e-01
8.601847290992736816e-01
8.601267337799072266e-01
8.600634336471557617e-01
8.599936962127685547e-01
8.599369525909423828e-01
8.598812222480773926e-01
8.598225712776184082e-01
8.597670197486877441e-01
8.597142100334167480e-01
8.596599102020263672e-01
8.596066236495971680e-01
8.595663309097290039e-01
8.595367670059204102e-01
8.595083951950073242e-01
8.594790697097778320e-01
8.594514727592468262e-01
8.594313263893127441e-01
8.594131469726562500e-01
8.594089150428771973e-01
8.594099283218383789e-01
8.593824505805969238e-01
8.592842221260070801e-01
8.591576814651489258e-01
8.590155839920043945e-01
8.589005470275878906e-01
8.588566184043884277e-01
8.588821887969970703e-01
8.589258193969726562e-01
8.589188456535339355e-01
8.588677644729614258e-01
8.587367534637451172e-01
8.585816025733947754e-01
8.584930300712585449e-01
8.584859967231750488e-01
8.585189580917358398e-01
8.585194349288940430e-01
8.584498763084411621e-01
8.583303689956665039e-01
8.582115173339843750e-01
8.581435680389404297e-01
8.581093549728393555e-01
8.581096529960632324e-01
8.580990433692932129e-01
8.580886125564575195e-01
8.580135703086853027e-01
8.579177260398864746e-01
8.578191399574279785e-01
8.577407002449035645e-01
8.576845526695251465e-01
8.576543331146240234e-01
8.576387763023376465e-01
8.576248288154602051e-01
8.575781583786010742e-01
8.575153946876525879e-01
8.574599027633666992e-01
8.574262857437133789e-01
8.573715090751647949e-01
8.572841882705688477e-01
8.572101593017578125e-01
8.571465611457824707e-01
8.570960760116577148e-01
8.570403456687927246e-01
8.569862842559814453e-01
8.569318652153015137e-01
8.568755388259887695e-01
8.568234443664550781e-01
8.567682504653930664e-01
8.567207455635070801e-01
8.566687703132629395e-01
8.566200733184814453e-01
8.565698266029357910e-01
8.565233349800109863e-01
8.564764857292175293e-01
8.564401268959045410e-01
8.564409017562866211e-01
8.564763069152832031e-01
8.566093444824218750e-01
8.568258881568908691e-01
8.569278717041015625e-01
8.568479418754577637e-01
8.564996719360351562e-01
8.561374545097351074e-01
8.560156822204589844e-01
8.561585545539855957e-01
8.562895059585571289e-01
8.562306165695190430e-01
8.559855222702026367e-01
8.557942509651184082e-01
8.557381033897399902e-01
8.557939529418945312e-01
8.558247685432434082e-01
8.557228446006774902e-01
8.555974364280700684e-01
8.554879426956176758e-01
8.554561138153076172e-01
8.554742336273193359e-01
8.554765582084655762e-01
8.554257154464721680e-01
8.553127646446228027e-01
8.552158474922180176e-01
8.551603555679321289e-01
8.551278114318847656e-01
8.550978899002075195e-01
8.550733327865600586e-01
8.550572991371154785e-01
8.550133705139160156e-01
8.549657464027404785e-01
8.548981547355651855e-01
8.548409342765808105e-01
8.547695279121398926e-01
8.547062873840332031e-01
8.546538352966308594e-01
8.546082973480224609e-01
8.545741438865661621e-01
8.545463681221008301e-01
8.545529246330261230e-01
8.545476198196411133e-01
8.545649647712707520e-01
8.545289635658264160e-01
8.544457554817199707e-01
8.543049097061157227e-01
8.541883826255798340e-01
8.541322946548461914e-01
8.541374802589416504e-01
8.542653918266296387e-01
