1.018921732902526855e+00
1.018019795417785645e+00
1.017161250114440918e+00
1.016336441040039062e+00
1.015537261962890625e+00
1.014756679534912109e+00
1.013981461524963379e+00
1.013237595558166504e+00
1.012525081634521484e+00
1.011838436126708984e+00
1.011186122894287109e+00
1.010568737983703613e+00
1.009975194931030273e+00
1.009403944015502930e+00
1.008855819702148438e+00
1.008331656455993652e+00
1.007827401161193848e+00
1.007341265678405762e+00
1.006873011589050293e+00
1.006421566009521484e+00
1.005991816520690918e+00
1.005580425262451172e+00
1.005185961723327637e+00
1.004805326461791992e+00
1.004439234733581543e+00
1.004089474678039551e+00
1.003754854202270508e+00
1.003434300422668457e+00
1.003128647804260254e+00
1.002838373184204102e+00
1.002563834190368652e+00
1.002304792404174805e+00
1.002060532569885254e+00
1.001831173896789551e+00
1.001615166664123535e+00
1.001410961151123047e+00
1.001217961311340332e+00
1.001041769981384277e+00
1.000885725021362305e+00
1.000744223594665527e+00
1.000612854957580566e+00
1.000488400459289551e+00
1.000368714332580566e+00
1.000253319740295410e+00
1.000141978263854980e+00
1.000035047531127930e+00
9.999328851699829102e-01
9.998362660408020020e-01
9.997454881668090820e-01
9.996607899665832520e-01
9.995812177658081055e-01
9.995062947273254395e-01
9.994348883628845215e-01
9.993668198585510254e-01
9.993013739585876465e-01
9.992381334304809570e-01
9.991769790649414062e-01
9.991179108619689941e-01
9.990605115890502930e-01
9.990046620368957520e-01
9.989501833915710449e-01
9.988965988159179688e-01
9.988445639610290527e-01
9.987933039665222168e-01
9.987430572509765625e-01
9.986935257911682129e-01
9.986444711685180664e-01
9.985954761505126953e-01
9.985463619232177734e-01
9.984966516494750977e-01
9.984461069107055664e-01
9.983940720558166504e-01
9.983404874801635742e-01
9.982849955558776855e-01
9.982274174690246582e-01
9.981671571731567383e-01
9.981034994125366211e-01
9.980353116989135742e-01
9.979625940322875977e-01
9.978858232498168945e-01
9.978055953979492188e-01
9.977220892906188965e-01
9.976353049278259277e-01
9.975445866584777832e-01
9.974510669708251953e-01
9.973550438880920410e-01
9.972553849220275879e-01
9.971529841423034668e-01
9.970462322235107422e-01
9.969349503517150879e-01
9.968187808990478516e-01
9.966982603073120117e-01
9.965730905532836914e-01
9.964441657066345215e-01
9.963089227676391602e-01
9.961677789688110352e-01
9.960206747055053711e-01
9.958668351173400879e-01
9.957066178321838379e-01
9.955397844314575195e-01
9.953659176826477051e-01
9.951859712600708008e-01
9.950016736984252930e-01
9.948126077651977539e-01
9.946187138557434082e-01
9.944205284118652344e-01
9.942189455032348633e-01
9.940136671066284180e-01
9.938037991523742676e-01
9.935911893844604492e-01
9.933755397796630859e-01
9.931569099426269531e-01
9.929345250129699707e-01
9.927088022232055664e-01
9.924808144569396973e-01
9.922540783882141113e-01
9.920242428779602051e-01
9.917939305305480957e-01
9.915629029273986816e-01
9.913153052330017090e-01
9.910441040992736816e-01
9.907553791999816895e-01
9.904564619064331055e-01
9.901584982872009277e-01
9.898604750633239746e-01
9.895637631416320801e-01
9.892705082893371582e-01
9.889846444129943848e-01
9.887039661407470703e-01
9.884222745895385742e-01
9.881508946418762207e-01
9.878890514373779297e-01
9.876332283020019531e-01
9.873803853988647461e-01
9.871259927749633789e-01
9.868653416633605957e-01
9.865939617156982422e-01
9.863249659538269043e-01
9.860683679580688477e-01
9.858187437057495117e-01
9.855751395225524902e-01
9.853397011756896973e-01
9.851087331771850586e-01
9.848819375038146973e-01
9.846608042716979980e-01
9.844436645507812500e-01
9.842294454574584961e-01
9.840151667594909668e-01
9.838037490844726562e-01
9.835954904556274414e-01
9.833881855010986328e-01
9.831826686859130859e-01
9.829826951026916504e-01
9.827849268913269043e-01
9.825885295867919922e-01
9.823947548866271973e-01
9.822036027908325195e-01
9.820135235786437988e-01
9.818239212036132812e-01
9.816361069679260254e-01
9.814503192901611328e-01
9.812660217285156250e-01
9.810847043991088867e-01
9.809041619300842285e-01
9.807243943214416504e-01
9.805474877357482910e-01
9.803753495216369629e-01
9.802078008651733398e-01
9.800438880920410156e-01
9.798831343650817871e-01
9.797260165214538574e-01
9.795717000961303711e-01
9.794204831123352051e-01
9.792716503143310547e-01
9.791254997253417969e-01
9.789820313453674316e-01
9.788407087326049805e-01
9.787020087242126465e-01
9.785656929016113281e-01
9.784317016601562500e-01
9.782996773719787598e-01
9.781696200370788574e-01
9.780408740043640137e-01
9.779141545295715332e-01
9.777894616127014160e-01
9.776664972305297852e-01
9.775460362434387207e-01
9.774270653724670410e-01
9.773098826408386230e-01
9.771946072578430176e-01
9.770807623863220215e-01
9.769687652587890625e-01
9.768579602241516113e-01
9.767480492591857910e-01
9.766390919685363770e-01
9.765312075614929199e-01
9.764243960380554199e-01
9.763182997703552246e-01
9.762127399444580078e-01
9.761080145835876465e-01
9.760038256645202637e-01
9.759001731872558594e-01
9.757971763610839844e-01
9.756941795349121094e-01
9.755908250808715820e-01
9.754872322082519531e-01
9.753834605216979980e-01
9.752793312072753906e-01
9.751752614974975586e-01
9.750714898109436035e-01
9.749674201011657715e-01
9.748632907867431641e-01
9.747590422630310059e-01
9.746551513671875000e-01
9.745509028434753418e-01
9.744460582733154297e-01
9.743400216102600098e-01
9.742339849472045898e-01
9.741272330284118652e-01
9.740200042724609375e-01
9.739124178886413574e-01
9.738041758537292480e-01
9.736950993537902832e-01
9.735854864120483398e-01
9.734750390052795410e-01
9.733633399009704590e-01
9.732506871223449707e-01
9.731368422508239746e-01
9.730216264724731445e-01
9.729063510894775391e-01
9.727911353111267090e-01
9.726769924163818359e-01
9.725617766380310059e-01
9.724465608596801758e-01
9.723309278488159180e-01
9.722146987915039062e-01
9.720979928970336914e-01
9.719798564910888672e-01
9.718588590621948242e-01
9.717370271682739258e-01
9.716153144836425781e-01
9.714903235435485840e-01
9.713584780693054199e-01
9.712258577346801758e-01
9.710947275161743164e-01
9.709628820419311523e-01
9.708302617073059082e-01
9.706946015357971191e-01
9.705552458763122559e-01
9.704177379608154297e-01
9.702774882316589355e-01
9.701352715492248535e-01
9.699894785881042480e-01
9.698365926742553711e-01
9.696797132492065430e-01
9.695224761962890625e-01
9.693633913993835449e-01
9.691990017890930176e-01
9.690338373184204102e-01
9.688745737075805664e-01
9.687104821205139160e-01
9.685421586036682129e-01
9.683828353881835938e-01
9.682269692420959473e-01
9.680690765380859375e-01
9.679139852523803711e-01
9.677659869194030762e-01
9.676188230514526367e-01
9.674718976020812988e-01
9.673320651054382324e-01
9.671918153762817383e-01
9.670506715774536133e-01
9.669146537780761719e-01
9.667786955833435059e-01
9.666421413421630859e-01
9.665094614028930664e-01
9.663773179054260254e-01
9.662452936172485352e-01
9.661151766777038574e-01
9.659871459007263184e-01
9.658587574958801270e-01
9.657327532768249512e-01
9.656087756156921387e-01
9.654822349548339844e-01
9.653568267822265625e-01
9.652315378189086914e-01
9.651069641113281250e-01
9.649821519851684570e-01
9.648577570915222168e-01
9.647319316864013672e-01
9.646052122116088867e-01
9.644789695739746094e-01
9.643515944480895996e-01
9.642252326011657715e-01
9.640991687774658203e-01
9.639726877212524414e-01
9.638459682464599609e-01
9.637205004692077637e-01
9.635949730873107910e-01
9.634709954261779785e-01
9.633449316024780273e-01
9.632201194763183594e-01
9.630946516990661621e-01
9.629679918289184570e-01
9.628412127494812012e-01
9.627141952514648438e-01
9.625867605209350586e-01
9.624601006507873535e-01
9.623331427574157715e-01
9.622079730033874512e-01
9.620830416679382324e-01
9.619572162628173828e-01
9.618308544158935547e-01
9.617035984992980957e-01
9.615747928619384766e-01
9.614458680152893066e-01
9.613161683082580566e-01
9.611859321594238281e-01
9.610554575920104980e-01
9.609230160713195801e-01
9.607896208763122559e-01
9.606550335884094238e-01
9.605187177658081055e-01
9.603807926177978516e-01
9.602414369583129883e-01
9.601002335548400879e-01
9.599596858024597168e-01
9.598202705383300781e-01
9.596818089485168457e-01
9.595473408699035645e-01
9.594125747680664062e-01
9.592772722244262695e-01
9.591400027275085449e-01
9.590002894401550293e-01
9.588599801063537598e-01
9.587181806564331055e-01
9.585773348808288574e-01
9.584354758262634277e-01
9.582937955856323242e-01
9.581518769264221191e-01
9.580096602439880371e-01
9.578660130500793457e-01
9.577212333679199219e-01
9.575755000114440918e-01
9.574286937713623047e-01
9.572818279266357422e-01
9.571337699890136719e-01
9.569864273071289062e-01
9.568368196487426758e-01
9.566852450370788574e-01
9.565324783325195312e-01
9.563820362091064453e-01
9.562269449234008789e-01
9.560658335685729980e-01
9.559113979339599609e-01
9.557633399963378906e-01
9.556077122688293457e-01
9.554412961006164551e-01
9.552841186523437500e-01
9.551313519477844238e-01
9.549697637557983398e-01
9.548072814941406250e-01
9.546551108360290527e-01
9.544954895973205566e-01
9.543328881263732910e-01
9.541734457015991211e-01
9.540101289749145508e-01
9.538506865501403809e-01
9.536978602409362793e-01
9.535349607467651367e-01
9.533775448799133301e-01
9.532067775726318359e-01
9.530430436134338379e-01
9.528779387474060059e-01
9.527131319046020508e-01
9.525493383407592773e-01
9.523863792419433594e-01
9.522221088409423828e-01
9.520591497421264648e-01
9.519031643867492676e-01
9.517319202423095703e-01
9.515635967254638672e-01
9.513901472091674805e-01
9.512209892272949219e-01
9.510551691055297852e-01
9.508872628211975098e-01
9.507151246070861816e-01
9.505420327186584473e-01
9.503697156906127930e-01
9.501985311508178711e-01
9.500291347503662109e-01
9.498589634895324707e-01
9.496842622756958008e-01
9.495075345039367676e-01
9.493328928947448730e-01
9.491679072380065918e-01
9.490051269531250000e-01
9.488242268562316895e-01
9.486500024795532227e-01
9.484648108482360840e-01
9.483047127723693848e-01
9.481313824653625488e-01
9.479641318321228027e-01
9.477984309196472168e-01
9.476097226142883301e-01
9.474419355392456055e-01
9.472657442092895508e-01
9.471020698547363281e-01
9.469024538993835449e-01
9.467431902885437012e-01
9.465745687484741211e-01
9.463926553726196289e-01
9.462112188339233398e-01
9.460431933403015137e-01
9.458686113357543945e-01
9.456872940063476562e-01
9.455179572105407715e-01
9.453505277633666992e-01
9.451737999916076660e-01
9.449989199638366699e-01
9.448390603065490723e-01
9.446729421615600586e-01
9.445100426673889160e-01
9.443436861038208008e-01
9.441879391670227051e-01
9.440270066261291504e-01
9.438724517822265625e-01
9.437172412872314453e-01
9.435602426528930664e-01
9.434097409248352051e-01
9.432531595230102539e-01
9.431092143058776855e-01
9.429627060890197754e-01
9.428224563598632812e-01
9.426930546760559082e-01
9.425305724143981934e-01
9.423844814300537109e-01
9.422170519828796387e-01
9.420912861824035645e-01
9.419619441032409668e-01
9.418238401412963867e-01
9.416722655296325684e-01
9.415169358253479004e-01
9.413859248161315918e-01
9.412528872489929199e-01
9.411187171936035156e-01
9.409708380699157715e-01
9.408354759216308594e-01
9.406956434249877930e-01
9.405644536018371582e-01
9.404281377792358398e-01
9.402964711189270020e-01
9.401696324348449707e-01
9.400355219841003418e-01
9.399106502532958984e-01
9.397765398025512695e-01
9.396550655364990234e-01
9.395378232002258301e-01
9.394161701202392578e-01
9.393101334571838379e-01
9.391837716102600098e-01
9.390799999237060547e-01
9.389347434043884277e-01
9.388309717178344727e-01
9.387081861495971680e-01
9.386335611343383789e-01
9.385067820549011230e-01
9.383917450904846191e-01
9.382604360580444336e-01
9.381656646728515625e-01
9.380477070808410645e-01
9.379549622535705566e-01
9.378266334533691406e-01
9.377363920211791992e-01
9.376296997070312500e-01
9.375365972518920898e-01
9.374133348464965820e-01
9.373066425323486328e-01
9.371957182884216309e-01
9.371042847633361816e-01
9.370017051696777344e-01
9.369028210639953613e-01
9.367895722389221191e-01
9.366931319236755371e-01
9.365878105163574219e-01
9.364871382713317871e-01
9.363834857940673828e-01
9.362882971763610840e-01
9.361894130706787109e-01
9.360889196395874023e-01
9.359873533248901367e-01
9.358891844749450684e-01
9.357956647872924805e-01
9.357037544250488281e-01
9.356029033660888672e-01
9.355072379112243652e-01
9.354186654090881348e-01
9.353252649307250977e-01
9.352307915687561035e-01
9.351333379745483398e-01
9.350399374961853027e-01
9.349469542503356934e-01
9.348590373992919922e-01
9.347676038742065430e-01
9.346771836280822754e-01
9.345862269401550293e-01
9.344968795776367188e-01
9.343990683555603027e-01
9.343075156211853027e-01
9.342119693756103516e-01
9.341197609901428223e-01
9.340329766273498535e-01
9.339397549629211426e-01
9.338368773460388184e-01
9.337310791015625000e-01
9.336224198341369629e-01
9.335142374038696289e-01
9.334127902984619141e-01
9.333259463310241699e-01
9.332529902458190918e-01
9.331632256507873535e-01
9.330301284790039062e-01
9.329051971435546875e-01
9.327997565269470215e-01
9.327155947685241699e-01
9.326472878456115723e-01
9.325399994850158691e-01
9.324173927307128906e-01
9.323136210441589355e-01
9.322219491004943848e-01
9.321411848068237305e-01
9.320321083068847656e-01
9.319205284118652344e-01
9.318138360977172852e-01
9.317273497581481934e-01
9.316685199737548828e-01
9.315424561500549316e-01
9.314256310462951660e-01
9.313142299652099609e-01
9.312285780906677246e-01
9.311577677726745605e-01
9.310571551322937012e-01
9.309297204017639160e-01
9.308412075042724609e-01
9.307416081428527832e-01
9.306606650352478027e-01
9.305509924888610840e-01
9.304456710815429688e-01
9.303629994392395020e-01
9.302709102630615234e-01
9.301788806915283203e-01
9.300798773765563965e-01
9.299988150596618652e-01
9.299139380455017090e-01
9.298277497291564941e-01
9.297356009483337402e-01
9.296459555625915527e-01
9.295640587806701660e-01
9.294905066490173340e-01
9.294070005416870117e-01
9.293233752250671387e-01
9.292403459548950195e-01
9.291536808013916016e-01
9.290720224380493164e-01
9.289874434471130371e-01
9.289011359214782715e-01
9.288203716278076172e-01
9.287335276603698730e-01
9.286517500877380371e-01
9.285645484924316406e-01
9.284832477569580078e-01
9.284035563468933105e-01
9.283202290534973145e-01
9.282490015029907227e-01
9.281724095344543457e-01
9.280810952186584473e-01
9.279779195785522461e-01
9.278851151466369629e-01
9.278106689453125000e-01
9.277540445327758789e-01
9.276856780052185059e-01
9.276142716407775879e-01
9.275305271148681641e-01
9.274477362632751465e-01
9.273602962493896484e-01
9.272693991661071777e-01
9.272050857543945312e-01
9.271625280380249023e-01
9.271165728569030762e-01
9.270465970039367676e-01
9.269722700119018555e-01
9.268756508827209473e-01
9.268133640289306641e-01
9.267613291740417480e-01
9.267032146453857422e-01
9.266538619995117188e-01
9.266107082366943359e-01
9.265745282173156738e-01
9.265052080154418945e-01
9.264388680458068848e-01
9.263768792152404785e-01
9.263033270835876465e-01
9.262719154357910156e-01
9.262154698371887207e-01
9.262303709983825684e-01
9.262035489082336426e-01
9.261341094970703125e-01
9.260850548744201660e-01
9.259567260742187500e-01
9.259735345840454102e-01
9.259327650070190430e-01
9.259771704673767090e-01
9.257992506027221680e-01
9.257629513740539551e-01
9.256885051727294922e-01
9.256754517555236816e-01
9.255775213241577148e-01
9.255660772323608398e-01
9.255322217941284180e-01
9.254915714263916016e-01
9.254192709922790527e-01
9.253847599029541016e-01
9.253901243209838867e-01
9.253277182579040527e-01
9.252439141273498535e-01
9.252155423164367676e-01
9.252120256423950195e-01
9.251738786697387695e-01
9.250868558883666992e-01
9.250554442405700684e-01
9.250544905662536621e-01
9.250184893608093262e-01
9.249371290206909180e-01
9.248936176300048828e-01
9.248873591423034668e-01
9.248446822166442871e-01
9.247752428054809570e-01
9.247426986694335938e-01
9.247255921363830566e-01
9.246749877929687500e-01
9.246120452880859375e-01
9.245693683624267578e-01
9.245493412017822266e-01
9.244922995567321777e-01
9.244434833526611328e-01
9.243946075439453125e-01
9.243642687797546387e-01
9.243316054344177246e-01
9.242797493934631348e-01
9.242261052131652832e-01
9.241861104965209961e-01
9.241516590118408203e-01
9.241172075271606445e-01
9.240661859512329102e-01
9.240229725837707520e-01
9.239723086357116699e-01
9.239245653152465820e-01
9.238777160644531250e-01
9.238427877426147461e-01
9.238081574440002441e-01
9.237756729125976562e-01
9.237423539161682129e-01
9.236811995506286621e-01
9.236254692077636719e-01
9.235816597938537598e-01
9.235346317291259766e-01
9.234934449195861816e-01
9.234490394592285156e-01
9.234081506729125977e-01
9.233658313751220703e-01
9.233227968215942383e-01
9.232826828956604004e-01
9.232435822486877441e-01
9.232222437858581543e-01
9.232254624366760254e-01
9.232082366943359375e-01
9.231473207473754883e-01
9.230676293373107910e-01
9.230082631111145020e-01
9.229661822319030762e-01
9.229278564453125000e-01
9.229024052619934082e-01
9.228760004043579102e-01
9.228364825248718262e-01
9.227918982505798340e-01
9.227417111396789551e-01
9.226987957954406738e-01
9.226635098457336426e-01
9.226378798484802246e-01
9.226034283638000488e-01
9.225615859031677246e-01
9.225150346755981445e-01
9.224770665168762207e-01
9.224290251731872559e-01
9.223948121070861816e-01
9.223569035530090332e-01
9.223151206970214844e-01
9.222654104232788086e-01
9.222243428230285645e-01
9.221888780593872070e-01
9.221501946449279785e-01
9.221153855323791504e-01
9.220682382583618164e-01
9.220236539840698242e-01
9.219859242439270020e-01
9.219409227371215820e-01
9.218984842300415039e-01
9.218564033508300781e-01
9.218124747276306152e-01
9.217738509178161621e-01
9.217428565025329590e-01
9.216937422752380371e-01
9.216410517692565918e-01
9.215943813323974609e-01
9.215485453605651855e-01
9.215047955513000488e-01
9.214665889739990234e-01
9.214365482330322266e-01
9.214233756065368652e-01
9.214054346084594727e-01
9.213854074478149414e-01
9.213182926177978516e-01
9.212214946746826172e-01
9.211446046829223633e-01
9.211169481277465820e-01
9.210755825042724609e-01
9.210453629493713379e-01
9.210157990455627441e-01
9.209483265876770020e-01
9.208848476409912109e-01
9.208239912986755371e-01
9.208223223686218262e-01
9.208059310913085938e-01
9.207541942596435547e-01
9.206687808036804199e-01
9.205775260925292969e-01
9.205762743949890137e-01
9.205428361892700195e-01
9.205443859100341797e-01
9.204288721084594727e-01
9.203301072120666504e-01
9.203131794929504395e-01
9.202268123626708984e-01
9.202035665512084961e-01
9.201200008392333984e-01
9.200871586799621582e-01
9.200058579444885254e-01
9.199399948120117188e-01
9.199070930480957031e-01
9.198379516601562500e-01
9.197732210159301758e-01
9.197186231613159180e-01
9.196546077728271484e-01
9.196001291275024414e-01
9.195325970649719238e-01
9.194676876068115234e-01
9.193973541259765625e-01
9.193477630615234375e-01
9.192894101142883301e-01
9.192560315132141113e-01
9.192210435867309570e-01
9.191722273826599121e-01
9.191464781761169434e-01
9.191215634346008301e-01
9.190590381622314453e-01
9.188777208328247070e-01
9.188552498817443848e-01
9.189097881317138672e-01
9.188433289527893066e-01
9.186809659004211426e-01
9.185661077499389648e-01
9.185318946838378906e-01
9.184082746505737305e-01
9.184012413024902344e-01
9.183619022369384766e-01
9.182371497154235840e-01
9.182913899421691895e-01
9.182218909263610840e-01
9.182382822036743164e-01
9.180830121040344238e-01
9.180784821510314941e-01
9.183064699172973633e-01
9.180524945259094238e-01
9.177417755126953125e-01
9.178189039230346680e-01
9.179296493530273438e-01
9.175255894660949707e-01
9.178786873817443848e-01
9.178932309150695801e-01
9.175575971603393555e-01
9.175021052360534668e-01
9.175979495048522949e-01
9.171234369277954102e-01
9.173291921615600586e-01
9.170930385589599609e-01
9.170971512794494629e-01
9.169420003890991211e-01
9.169154167175292969e-01
9.168308377265930176e-01
9.168650507926940918e-01
9.166153669357299805e-01
9.165889620780944824e-01
9.165691733360290527e-01
9.164229035377502441e-01
9.163436293601989746e-01
9.163118004798889160e-01
9.162622690200805664e-01
9.161058068275451660e-01
9.160693883895874023e-01
9.160118103027343750e-01
9.159284830093383789e-01
9.158256053924560547e-01
9.157824516296386719e-01
9.157137274742126465e-01
9.156181812286376953e-01
9.155586957931518555e-01
9.154843688011169434e-01
9.154161214828491211e-01
9.153239727020263672e-01
9.152613878250122070e-01
9.151906371116638184e-01
9.151132702827453613e-01
9.150361418724060059e-01
9.149638414382934570e-01
9.149094820022583008e-01
9.148076772689819336e-01
9.147258996963500977e-01
9.146685600280761719e-01
9.145728349685668945e-01
9.144890904426574707e-01
9.144130349159240723e-01
9.143359661102294922e-01
9.142540097236633301e-01
9.141690135002136230e-01
9.140971302986145020e-01
9.140089154243469238e-01
9.139248132705688477e-01
9.138447642326354980e-01
9.137678146362304688e-01
9.136849045753479004e-01
9.136036038398742676e-01
9.135099053382873535e-01
9.134297370910644531e-01
9.133555889129638672e-01
9.132744073867797852e-01
9.132075905799865723e-01
9.131224155426025391e-01
9.130392670631408691e-01
9.129368066787719727e-01
9.128338098526000977e-01
9.127364158630371094e-01
9.126459360122680664e-01
9.125562310218811035e-01
9.124717116355895996e-01
9.123879075050354004e-01
9.122879505157470703e-01
9.121888875961303711e-01
9.121003746986389160e-01
9.120051264762878418e-01
9.119169712066650391e-01
9.118282794952392578e-01
9.117575883865356445e-01
9.117035865783691406e-01
9.117245078086853027e-01
9.116477370262145996e-01
9.113957881927490234e-01
9.113572835922241211e-01
9.115651845932006836e-01
9.115884900093078613e-01
9.110069274902343750e-01
9.113848209381103516e-01
9.113867878913879395e-01
9.109292626380920410e-01
9.109781980514526367e-01
9.110183119773864746e-01
9.105128645896911621e-01
9.105556011199951172e-01
9.103984236717224121e-01
9.100591540336608887e-01
9.101139307022094727e-01
9.100056290626525879e-01
9.097225069999694824e-01
9.097805023193359375e-01
9.096422195434570312e-01
9.094619750976562500e-01
9.093703031539916992e-01
9.092946052551269531e-01
9.092147946357727051e-01
9.090044498443603516e-01
9.090289473533630371e-01
9.089820981025695801e-01
9.087545275688171387e-01
9.086926579475402832e-01
9.086763858795166016e-01
9.085593223571777344e-01
9.083513021469116211e-01
9.083467125892639160e-01
9.083284139633178711e-01
9.081459045410156250e-01
9.080221652984619141e-01
9.080147743225097656e-01
9.080265164375305176e-01
9.076807498931884766e-01
9.077573418617248535e-01
9.078322649002075195e-01
9.074935913085937500e-01
9.075548648834228516e-01
9.077643752098083496e-01
9.073298573493957520e-01
9.071092009544372559e-01
9.073863625526428223e-01
9.069016575813293457e-01
9.068049192428588867e-01
9.067366719245910645e-01
9.066734910011291504e-01
9.063575863838195801e-01
9.064108133316040039e-01
9.062343239784240723e-01
9.060512781143188477e-01
9.059835672378540039e-01
9.058165550231933594e-01
9.057779908180236816e-01
9.056684374809265137e-01
9.055278301239013672e-01
9.054623246192932129e-01
9.053073525428771973e-01
9.052398800849914551e-01
9.051550030708312988e-01
9.050028920173645020e-01
9.049161672592163086e-01
9.047983884811401367e-01
9.047117829322814941e-01
9.046937823295593262e-01
9.045159816741943359e-01
9.044079780578613281e-01
9.043250679969787598e-01
9.042234420776367188e-01
9.042033553123474121e-01
9.041182994842529297e-01
9.039958119392395020e-01
9.038536548614501953e-01
9.037331342697143555e-01
9.036479592323303223e-01
9.035799503326416016e-01
9.035344123840332031e-01
9.034256339073181152e-01
9.033395051956176758e-01
9.031902551651000977e-01
9.030750393867492676e-01
9.030190110206604004e-01
9.029525518417358398e-01
9.028654098510742188e-01
9.027690887451171875e-01
9.026672840118408203e-01
9.025437831878662109e-01
9.024569988250732422e-01
9.023668169975280762e-01
9.022721648216247559e-01
9.021969437599182129e-01
9.021042585372924805e-01
9.020034074783325195e-01
9.019222259521484375e-01
9.018356800079345703e-01
9.017428755760192871e-01
9.016554951667785645e-01
9.015770554542541504e-01
9.015029668807983398e-01
9.014529585838317871e-01
9.014369249343872070e-01
9.013354778289794922e-01
9.011993408203125000e-01
9.010677933692932129e-01
9.010112881660461426e-01
9.010046124458312988e-01
9.009602069854736328e-01
9.008203744888305664e-01
9.006599783897399902e-01
9.006646871566772461e-01
9.006703495979309082e-01
9.006004333496093750e-01
9.004344344139099121e-01
9.002593755722045898e-01
9.002028703689575195e-01
9.001908302307128906e-01
9.001494646072387695e-01
8.999991416931152344e-01
8.998605608940124512e-01
8.997927308082580566e-01
8.997579216957092285e-01
8.997693061828613281e-01
8.996519446372985840e-01
8.994705080986022949e-01
8.993580341339111328e-01
8.993118405342102051e-01
8.992907404899597168e-01
8.992186784744262695e-01
8.990957140922546387e-01
8.989708423614501953e-01
8.988652825355529785e-01
8.987904787063598633e-01
