1.013480424880981445e+00
1.011992454528808594e+00
1.010602831840515137e+00
1.009308457374572754e+00
1.008103013038635254e+00
1.006977677345275879e+00
1.005929708480834961e+00
1.004956960678100586e+00
1.004060745239257812e+00
1.003269076347351074e+00
1.002540588378906250e+00
1.001871109008789062e+00
1.001255035400390625e+00
1.000678896903991699e+00
1.000143527984619141e+00
9.996466636657714844e-01
9.991912841796875000e-01
9.987740516662597656e-01
9.983860850334167480e-01
9.980221390724182129e-01
9.976814985275268555e-01
9.973579645156860352e-01
9.970455765724182129e-01
9.967336058616638184e-01
9.964191317558288574e-01
9.961099624633789062e-01
9.958117604255676270e-01
9.955186843872070312e-01
9.952255487442016602e-01
9.949322342872619629e-01
9.946375489234924316e-01
9.943403601646423340e-01
9.940458536148071289e-01
9.937595725059509277e-01
9.934810400009155273e-01
9.932051301002502441e-01
9.929301142692565918e-01
9.926560521125793457e-01
9.923848509788513184e-01
9.921119809150695801e-01
9.918404817581176758e-01
9.915680289268493652e-01
9.912984967231750488e-01
9.910355806350708008e-01
9.907805919647216797e-01
9.905359745025634766e-01
9.903022646903991699e-01
9.900791645050048828e-01
9.898618459701538086e-01
9.896515607833862305e-01
9.894512891769409180e-01
9.892587065696716309e-01
9.890716075897216797e-01
9.888878464698791504e-01
9.887059330940246582e-01
9.885231852531433105e-01
9.883412718772888184e-01
9.881609678268432617e-01
9.879845380783081055e-01
9.878101348876953125e-01
9.876382946968078613e-01
9.874684214591979980e-01
9.873014688491821289e-01
9.871385097503662109e-01
9.869796037673950195e-01
9.868236184120178223e-01
9.866708517074584961e-01
9.865219593048095703e-01
9.863752722740173340e-01
9.862286448478698730e-01
9.860793352127075195e-01
9.859269261360168457e-01
9.857727885246276855e-01
9.856161475181579590e-01
9.854586720466613770e-01
9.852989315986633301e-01
9.851384758949279785e-01
9.849768877029418945e-01
9.848152995109558105e-01
9.846537113189697266e-01
9.844909906387329102e-01
9.843270778656005859e-01
9.841623902320861816e-01
9.839968681335449219e-01
9.838298559188842773e-01
9.836624860763549805e-01
9.834953546524047852e-01
9.833273291587829590e-01
9.831591248512268066e-01
9.829927682876586914e-01
9.828268885612487793e-01
9.826601147651672363e-01
9.824931025505065918e-01
9.823274016380310059e-01
9.821644425392150879e-01
9.820044636726379395e-01
9.818477630615234375e-01
9.816926717758178711e-01
9.815396666526794434e-01
9.813901782035827637e-01
9.812435507774353027e-01
9.810997843742370605e-01
9.809574484825134277e-01
9.808158278465270996e-01
9.806759953498840332e-01
9.805380105972290039e-01
9.804014563560485840e-01
9.802668094635009766e-01
9.801335930824279785e-01
9.800025224685668945e-01
9.798735380172729492e-01
9.797455668449401855e-01
9.796194434165954590e-01
9.794942140579223633e-01
9.793694615364074707e-01
9.792445302009582520e-01
9.791196584701538086e-01
9.789946675300598145e-01
9.788700342178344727e-01
9.787449836730957031e-01
9.786192774772644043e-01
9.784919619560241699e-01
9.783645272254943848e-01
9.782369136810302734e-01
9.781091809272766113e-01
9.779807329177856445e-01
9.778514504432678223e-01
9.777218699455261230e-01
9.775912761688232422e-01
9.774597287178039551e-01
9.773272275924682617e-01
9.771941304206848145e-01
9.770595431327819824e-01
9.769254326820373535e-01
9.767883419990539551e-01
9.766483902931213379e-01
9.765077233314514160e-01
9.763646721839904785e-01
9.762182235717773438e-01
9.760676026344299316e-01
9.759123325347900391e-01
9.757540822029113770e-01
9.755924940109252930e-01
9.754285812377929688e-01
9.752632975578308105e-01
9.750954508781433105e-01
9.749261736869812012e-01
9.747552275657653809e-01
9.745962619781494141e-01
9.744439125061035156e-01
9.742920994758605957e-01
9.741407036781311035e-01
9.739885926246643066e-01
9.738350510597229004e-01
9.736804366111755371e-01
9.735253453254699707e-01
9.733700156211853027e-01
9.732143282890319824e-01
9.730574488639831543e-01
9.728995561599731445e-01
9.727407693862915039e-01
9.725807309150695801e-01
9.724197387695312500e-01
9.722574353218078613e-01
9.720960259437561035e-01
9.719342589378356934e-01
9.717704653739929199e-01
9.716030955314636230e-01
9.714316725730895996e-01
9.712576866149902344e-01
9.710805416107177734e-01
9.709011912345886230e-01
9.707194566726684570e-01
9.705346226692199707e-01
9.703502655029296875e-01
9.701656103134155273e-01
9.699821472167968750e-01
9.697972536087036133e-01
9.696117639541625977e-01
9.694241285324096680e-01
9.692350029945373535e-01
9.690449833869934082e-01
9.688536524772644043e-01
9.686604142189025879e-01
9.684662818908691406e-01
9.682697057723999023e-01
9.680718183517456055e-01
9.678727984428405762e-01
9.676742553710937500e-01
9.674737453460693359e-01
9.672741293907165527e-01
9.670721888542175293e-01
9.668684601783752441e-01
9.666631817817687988e-01
9.664567112922668457e-01
9.662469029426574707e-01
9.660365581512451172e-01
9.658247232437133789e-01
9.656115174293518066e-01
9.653962254524230957e-01
9.651805758476257324e-01
9.649633765220642090e-01
9.647439718246459961e-01
9.645252227783203125e-01
9.643030762672424316e-01
9.640797376632690430e-01
9.638551473617553711e-01
9.636294245719909668e-01
9.634024500846862793e-01
9.631745219230651855e-01
9.629433155059814453e-01
9.627121090888977051e-01
9.624822735786437988e-01
9.622493386268615723e-01
9.620146751403808594e-01
9.617733359336853027e-01
9.615374207496643066e-01
9.613057971000671387e-01
9.610660076141357422e-01
9.608179926872253418e-01
9.605765342712402344e-01
9.603418111801147461e-01
9.601045846939086914e-01
9.598567485809326172e-01
9.596083760261535645e-01
9.593608975410461426e-01
9.591144323348999023e-01
9.588696360588073730e-01
9.586246609687805176e-01
9.583691954612731934e-01
9.581160545349121094e-01
9.578576683998107910e-01
9.575859904289245605e-01
9.573112726211547852e-01
9.570370316505432129e-01
9.567707777023315430e-01
9.565117359161376953e-01
9.562662243843078613e-01
9.560167193412780762e-01
9.557524919509887695e-01
9.554651379585266113e-01
9.551889300346374512e-01
9.549259543418884277e-01
9.546468257904052734e-01
9.543588757514953613e-01
9.540805220603942871e-01
9.538125395774841309e-01
9.535346031188964844e-01
9.532457590103149414e-01
9.529590010643005371e-01
9.526739120483398438e-01
9.523848295211791992e-01
9.520919322967529297e-01
9.517948627471923828e-01
9.514945149421691895e-01
9.511926174163818359e-01
9.508942365646362305e-01
9.506079554557800293e-01
9.503465890884399414e-01
9.500959515571594238e-01
9.497658610343933105e-01
9.494161009788513184e-01
9.491511583328247070e-01
9.488840699195861816e-01
9.485523104667663574e-01
9.482281208038330078e-01
9.479691386222839355e-01
9.476742744445800781e-01
9.473320245742797852e-01
9.470266103744506836e-01
9.467409849166870117e-01
9.464076757431030273e-01
9.460607171058654785e-01
9.457635879516601562e-01
9.454470872879028320e-01
9.451050758361816406e-01
9.448159337043762207e-01
9.445311427116394043e-01
9.442018270492553711e-01
9.439046382904052734e-01
9.436318278312683105e-01
9.433169364929199219e-01
9.429898858070373535e-01
9.426866769790649414e-01
9.423925876617431641e-01
9.420824646949768066e-01
9.417716264724731445e-01
9.414827227592468262e-01
9.411998987197875977e-01
9.409006237983703613e-01
9.406037926673889160e-01
9.403165578842163086e-01
9.400475025177001953e-01
9.397925734519958496e-01
9.395418167114257812e-01
9.392886161804199219e-01
9.390244483947753906e-01
9.387589097023010254e-01
9.385033845901489258e-01
9.382612705230712891e-01
9.380318522453308105e-01
9.377920627593994141e-01
9.375483393669128418e-01
9.372915625572204590e-01
9.370308518409729004e-01
9.367821216583251953e-01
9.365483522415161133e-01
9.363197088241577148e-01
9.360788464546203613e-01
9.358381032943725586e-01
9.355908632278442383e-01
9.353505969047546387e-01
9.351145029067993164e-01
9.348840713500976562e-01
9.346583485603332520e-01
9.344303607940673828e-01
9.341989755630493164e-01
9.339620471000671387e-01
9.337175488471984863e-01
9.334675669670104980e-01
9.332194328308105469e-01
9.329686164855957031e-01
9.327178001403808594e-01
9.324718713760375977e-01
9.322319626808166504e-01
9.319798350334167480e-01
9.317341446876525879e-01
9.314768910408020020e-01
9.312118291854858398e-01
9.309501647949218750e-01
9.306770563125610352e-01
9.304259419441223145e-01
9.301825761795043945e-01
9.299463033676147461e-01
9.297134876251220703e-01
9.294846653938293457e-01
9.292594194412231445e-01
9.290387630462646484e-01
9.288444519042968750e-01
9.287056326866149902e-01
9.285576939582824707e-01
9.282754063606262207e-01
9.279309511184692383e-01
9.276813864707946777e-01
9.274994730949401855e-01
9.272564053535461426e-01
9.269276857376098633e-01
9.267144799232482910e-01
9.265678524971008301e-01
9.263305068016052246e-01
9.260910153388977051e-01
9.258946776390075684e-01
9.257317781448364258e-01
9.255465269088745117e-01
9.252756237983703613e-01
9.250448942184448242e-01
9.248886108398437500e-01
9.247118830680847168e-01
9.244753718376159668e-01
9.242479801177978516e-01
9.240658879280090332e-01
9.238929748535156250e-01
9.236934781074523926e-01
9.234838485717773438e-01
9.232766032218933105e-01
9.230871796607971191e-01
9.229077696800231934e-01
9.227194190025329590e-01
9.225203990936279297e-01
9.223319292068481445e-01
9.221475720405578613e-01
9.219712615013122559e-01
9.217695593833923340e-01
9.215701222419738770e-01
9.213776588439941406e-01
9.211884140968322754e-01
9.210079908370971680e-01
9.208201766014099121e-01
9.206240773200988770e-01
9.204310178756713867e-01
9.202418923377990723e-01
9.200784564018249512e-01
9.199264645576477051e-01
9.198002219200134277e-01
9.196383357048034668e-01
9.194467663764953613e-01
9.191905260086059570e-01
9.189733862876892090e-01
9.187871813774108887e-01
9.186533689498901367e-01
9.185408949851989746e-01
9.183672070503234863e-01
9.181526899337768555e-01
9.179220199584960938e-01
9.177713990211486816e-01
9.176520705223083496e-01
9.174512624740600586e-01
9.172334671020507812e-01
9.170746207237243652e-01
9.169383049011230469e-01
9.167640209197998047e-01
9.165520668029785156e-01
9.163863062858581543e-01
9.162749052047729492e-01
9.161077737808227539e-01
9.158892631530761719e-01
9.156911373138427734e-01
9.155756235122680664e-01
9.154732227325439453e-01
9.153134226799011230e-01
9.150779843330383301e-01
9.148302674293518066e-01
9.147241115570068359e-01
9.146842360496520996e-01
9.145123958587646484e-01
9.142003059387207031e-01
9.139958024024963379e-01
9.139299988746643066e-01
9.137357473373413086e-01
9.134831428527832031e-01
9.133325219154357910e-01
9.132242202758789062e-01
9.130180478096008301e-01
9.128143191337585449e-01
9.126718640327453613e-01
9.124983549118041992e-01
9.123162031173706055e-01
9.121567010879516602e-01
9.119949340820312500e-01
9.118268489837646484e-01
9.116526246070861816e-01
9.114785194396972656e-01
9.113088846206665039e-01
9.111381173133850098e-01
9.109713435173034668e-01
9.108061790466308594e-01
9.106389284133911133e-01
9.104788303375244141e-01
9.103221297264099121e-01
9.101487994194030762e-01
9.099817872047424316e-01
9.098098278045654297e-01
9.096466898918151855e-01
9.094632267951965332e-01
9.092844128608703613e-01
9.091027379035949707e-01
9.089094400405883789e-01
9.087271690368652344e-01
9.085594415664672852e-01
9.083977341651916504e-01
9.082333445549011230e-01
9.080709218978881836e-01
9.079053401947021484e-01
9.077437520027160645e-01
9.075826406478881836e-01
9.074305891990661621e-01
9.072761535644531250e-01
9.071333408355712891e-01
9.069979786872863770e-01
9.068861007690429688e-01
9.068195819854736328e-01
9.067927002906799316e-01
9.067731499671936035e-01
9.066267609596252441e-01
9.063556194305419922e-01
9.060322046279907227e-01
9.058598875999450684e-01
9.058260321617126465e-01
9.057580232620239258e-01
9.055250883102416992e-01
9.053205847740173340e-01
9.052566885948181152e-01
9.051479697227478027e-01
9.050092697143554688e-01
9.048449397087097168e-01
9.047011137008666992e-01
9.045969247817993164e-01
9.044852256774902344e-01
9.043658971786499023e-01
9.042370319366455078e-01
9.040975570678710938e-01
9.039568901062011719e-01
9.038345813751220703e-01
9.037224054336547852e-01
9.036153554916381836e-01
9.035081863403320312e-01
9.033863544464111328e-01
9.032797217369079590e-01
9.031655192375183105e-01
9.030385613441467285e-01
9.029065370559692383e-01
9.027826189994812012e-01
9.026628732681274414e-01
9.025358557701110840e-01
9.024133086204528809e-01
9.022941589355468750e-01
9.021780490875244141e-01
9.020618796348571777e-01
9.019489288330078125e-01
9.018526077270507812e-01
9.017649292945861816e-01
9.017106890678405762e-01
9.016319513320922852e-01
9.015150666236877441e-01
9.013334512710571289e-01
9.011650085449218750e-01
9.010185003280639648e-01
9.009174108505249023e-01
9.008417725563049316e-01
9.007327556610107422e-01
9.005944728851318359e-01
9.004281759262084961e-01
9.003099203109741211e-01
9.002141952514648438e-01
9.001107811927795410e-01
8.999938368797302246e-01
8.998290300369262695e-01
8.996954560279846191e-01
8.995504975318908691e-01
8.994315862655639648e-01
8.993145823478698730e-01
8.991864919662475586e-01
8.990786075592041016e-01
8.989543914794921875e-01
8.988417983055114746e-01
8.987300395965576172e-01
8.986082673072814941e-01
8.984825015068054199e-01
8.983723521232604980e-01
8.982401490211486816e-01
8.981207013130187988e-01
8.980040550231933594e-01
8.978819847106933594e-01
8.977718353271484375e-01
8.976628780364990234e-01
8.975584506988525391e-01
8.974636793136596680e-01
8.974082469940185547e-01
8.973460197448730469e-01
8.973393440246582031e-01
8.972102403640747070e-01
8.971122503280639648e-01
8.969851136207580566e-01
8.968104720115661621e-01
8.965790271759033203e-01
8.964279294013977051e-01
8.963094949722290039e-01
8.962403535842895508e-01
8.961561322212219238e-01
8.960133790969848633e-01
8.958864808082580566e-01
8.957564234733581543e-01
8.956688642501831055e-01
8.955773711204528809e-01
8.954674005508422852e-01
8.953532576560974121e-01
8.952282071113586426e-01
8.951079845428466797e-01
8.949981331825256348e-01
8.948754072189331055e-01
8.947693109512329102e-01
8.946866393089294434e-01
8.946059942245483398e-01
8.945798873901367188e-01
8.945981264114379883e-01
8.947354555130004883e-01
8.946734666824340820e-01
8.943688869476318359e-01
8.939605951309204102e-01
8.938125967979431152e-01
8.938723802566528320e-01
8.938388228416442871e-01
8.936537504196166992e-01
8.934218883514404297e-01
8.932784199714660645e-01
8.932240009307861328e-01
8.932340145111083984e-01
8.932220339775085449e-01
8.930115699768066406e-01
8.927893042564392090e-01
8.926615715026855469e-01
8.926129341125488281e-01
8.925685286521911621e-01
8.925036787986755371e-01
8.923658132553100586e-01
8.922055959701538086e-01
8.920575976371765137e-01
8.919867873191833496e-01
8.919641971588134766e-01
8.919130563735961914e-01
8.918178081512451172e-01
8.916299343109130859e-01
8.914979696273803711e-01
8.913816809654235840e-01
8.912888765335083008e-01
8.912364840507507324e-01
8.911716938018798828e-01
8.910758495330810547e-01
8.909593820571899414e-01
8.908491730690002441e-01
8.907167315483093262e-01
8.906457424163818359e-01
8.905688524246215820e-01
8.904641270637512207e-01
8.904082775115966797e-01
8.903010487556457520e-01
8.902215361595153809e-01
8.901177644729614258e-01
8.900200128555297852e-01
8.898957967758178711e-01
8.898163437843322754e-01
8.897079825401306152e-01
8.895996212959289551e-01
8.895211219787597656e-01
8.894250392913818359e-01
8.893178701400756836e-01
8.892408013343811035e-01
8.891407251358032227e-01
8.890483975410461426e-01
8.889537453651428223e-01
8.888620734214782715e-01
8.887626528739929199e-01
8.886758685111999512e-01
8.885952234268188477e-01
8.885435461997985840e-01
8.885995149612426758e-01
8.889552950859069824e-01
8.893988728523254395e-01
8.895165920257568359e-01
8.883350491523742676e-01
8.880803585052490234e-01
8.886001110076904297e-01
8.885107040405273438e-01
8.878667354583740234e-01
8.877115249633789062e-01
8.880903124809265137e-01
8.877835273742675781e-01
8.874862194061279297e-01
8.875347971916198730e-01
8.875600695610046387e-01
8.872365951538085938e-01
8.870629072189331055e-01
8.872118592262268066e-01
8.869716525077819824e-01
8.868211507797241211e-01
8.868504762649536133e-01
8.867585659027099609e-01
8.866047263145446777e-01
8.864991664886474609e-01
8.865270614624023438e-01
8.863813281059265137e-01
8.862488269805908203e-01
8.862121105194091797e-01
8.861331939697265625e-01
8.860256075859069824e-01
8.859292864799499512e-01
8.859030604362487793e-01
8.858106732368469238e-01
8.856875300407409668e-01
8.856286406517028809e-01
8.855767250061035156e-01
8.854807615280151367e-01
8.853852748870849609e-01
8.853113651275634766e-01
8.852534890174865723e-01
8.851657509803771973e-01
8.850745558738708496e-01
8.850159049034118652e-01
8.849481344223022461e-01
8.848826885223388672e-01
8.848053216934204102e-01
8.846997022628784180e-01
8.846290707588195801e-01
8.845533728599548340e-01
8.844825029373168945e-01
8.844072818756103516e-01
8.843189477920532227e-01
8.842402100563049316e-01
8.841640353202819824e-01
8.840936422348022461e-01
8.840146064758300781e-01
8.839323520660400391e-01
8.838517665863037109e-01
8.837695121765136719e-01
8.836860656738281250e-01
8.836056590080261230e-01
8.835166096687316895e-01
8.834345340728759766e-01
8.833599090576171875e-01
8.832858800888061523e-01
8.832489252090454102e-01
8.832347989082336426e-01
8.833611011505126953e-01
8.834654092788696289e-01
8.836581110954284668e-01
8.830754160881042480e-01
8.826673626899719238e-01
8.825166225433349609e-01
8.826091885566711426e-01
8.827812075614929199e-01
8.824501633644104004e-01
8.822150230407714844e-01
8.819995522499084473e-01
8.819003105163574219e-01
8.818956017494201660e-01
8.818688988685607910e-01
8.818336725234985352e-01
8.816691040992736816e-01
8.815604448318481445e-01
8.814188241958618164e-01
8.813523054122924805e-01
8.813112378120422363e-01
8.812379837036132812e-01
8.812130093574523926e-01
8.810994625091552734e-01
8.810000419616699219e-01
8.809028863906860352e-01
8.808129429817199707e-01
8.807151913642883301e-01
8.806452155113220215e-01
8.805915713310241699e-01
8.805163502693176270e-01
8.804479241371154785e-01
8.804067373275756836e-01
8.803841471672058105e-01
8.803160786628723145e-01
8.802850842475891113e-01
8.802930116653442383e-01
8.802418708801269531e-01
8.801173567771911621e-01
8.799619078636169434e-01
8.798066973686218262e-01
8.796836137771606445e-01
8.796288371086120605e-01
8.796381950378417969e-01
8.796399831771850586e-01
8.796122074127197266e-01
8.795672059059143066e-01
8.794481754302978516e-01
8.792613744735717773e-01
8.791316747665405273e-01
8.790666460990905762e-01
8.790742754936218262e-01
8.791026473045349121e-01
8.791101574897766113e-01
8.790546059608459473e-01
8.789419531822204590e-01
8.787879943847656250e-01
8.785907626152038574e-01
8.785198330879211426e-01
8.785395026206970215e-01
8.785917162895202637e-01
8.786731958389282227e-01
8.786820769309997559e-01
8.784205317497253418e-01
8.781802654266357422e-01
8.781197071075439453e-01
8.781539201736450195e-01
8.782008886337280273e-01
8.780969381332397461e-01
8.778639435768127441e-01
8.777852058410644531e-01
8.776783347129821777e-01
8.776398897171020508e-01
8.776412606239318848e-01
8.775295615196228027e-01
8.774396181106567383e-01
8.773639798164367676e-01
8.772655129432678223e-01
8.771983981132507324e-01
8.771510720252990723e-01
8.770770430564880371e-01
8.770329356193542480e-01
8.770349025726318359e-01
8.769900202751159668e-01
8.769646883010864258e-01
8.769113421440124512e-01
8.767762184143066406e-01
8.766338825225830078e-01
8.765487074851989746e-01
8.764284849166870117e-01
8.763749003410339355e-01
8.763484954833984375e-01
8.762773871421813965e-01
8.762314319610595703e-01
8.761284351348876953e-01
8.760066032409667969e-01
8.759336471557617188e-01
8.758655786514282227e-01
8.757609128952026367e-01
8.756818771362304688e-01
8.756211400032043457e-01
8.755307793617248535e-01
8.754422664642333984e-01
8.753780126571655273e-01
8.752927184104919434e-01
8.751910328865051270e-01
8.751229643821716309e-01
8.750481009483337402e-01
8.749338984489440918e-01
8.748534917831420898e-01
8.747702836990356445e-01
8.746668100357055664e-01
8.746056556701660156e-01
8.745567798614501953e-01
8.745495080947875977e-01
8.746864199638366699e-01
8.749824166297912598e-01
8.755854368209838867e-01
8.755555152893066406e-01
8.753449320793151855e-01
8.739500045776367188e-01
8.734263777732849121e-01
8.738819956779479980e-01
8.743628263473510742e-01
8.744699358940124512e-01
8.732520937919616699e-01
8.727858662605285645e-01
8.725189566612243652e-01
8.729116916656494141e-01
8.746336102485656738e-01
8.727239370346069336e-01
8.723101019859313965e-01
8.719854950904846191e-01
8.721541166305541992e-01
8.721785545349121094e-01
8.711796402931213379e-01
8.714522123336791992e-01
8.712687492370605469e-01
8.711882233619689941e-01
8.719286918640136719e-01
8.705977201461791992e-01
8.709545731544494629e-01
8.707537651062011719e-01
8.706287145614624023e-01
8.705611228942871094e-01
8.698102831840515137e-01
8.703694939613342285e-01
8.697702884674072266e-01
8.697670698165893555e-01
8.697347044944763184e-01
8.691821098327636719e-01
8.696106672286987305e-01
8.695699572563171387e-01
8.694102764129638672e-01
8.690323829650878906e-01
8.686682581901550293e-01
8.691896200180053711e-01
8.687025904655456543e-01
8.684529662132263184e-01
8.682253956794738770e-01
8.680051565170288086e-01
8.681557774543762207e-01
8.681336641311645508e-01
8.679981827735900879e-01
8.676393628120422363e-01
8.674200773239135742e-01
8.676738739013671875e-01
8.674443364143371582e-01
8.672047257423400879e-01
8.670121431350708008e-01
8.668078184127807617e-01
8.668584823608398438e-01
8.669086694717407227e-01
8.668645620346069336e-01
8.665874600410461426e-01
8.662990331649780273e-01
8.662701845169067383e-01
8.660606145858764648e-01
8.661370873451232910e-01
8.662462234497070312e-01
8.660622835159301758e-01
8.660403490066528320e-01
8.656697869300842285e-01
8.656901121139526367e-01
8.653402924537658691e-01
8.653398156166076660e-01
8.655302524566650391e-01
8.653979301452636719e-01
8.655904531478881836e-01
8.652877807617187500e-01
8.654676079750061035e-01
8.648795485496520996e-01
8.646729588508605957e-01
8.645253777503967285e-01
8.643841743469238281e-01
8.643555045127868652e-01
8.642969131469726562e-01
8.644476532936096191e-01
8.644059896469116211e-01
8.648191094398498535e-01
8.647801876068115234e-01
8.650723099708557129e-01
8.642666339874267578e-01
8.638600707054138184e-01
8.635410070419311523e-01
8.636361956596374512e-01
8.640697598457336426e-01
8.639022111892700195e-01
8.638941645622253418e-01
8.633746504783630371e-01
8.631026744842529297e-01
8.630028963088989258e-01
8.631419539451599121e-01
8.636583685874938965e-01
8.634134531021118164e-01
8.633295893669128418e-01
8.627856969833374023e-01
8.625641465187072754e-01
8.627886176109313965e-01
8.629755377769470215e-01
8.632689118385314941e-01
8.626161813735961914e-01
8.622697591781616211e-01
8.621348142623901367e-01
8.622233867645263672e-01
8.624722957611083984e-01
8.622876405715942383e-01
8.622038364410400391e-01
8.618736863136291504e-01
8.617093563079833984e-01
8.616613149642944336e-01
8.616635799407958984e-01
8.617231249809265137e-01
8.616555929183959961e-01
8.617157340049743652e-01
8.615767359733581543e-01
8.615466952323913574e-01
8.613413572311401367e-01
8.611759543418884277e-01
8.610732555389404297e-01
8.610511422157287598e-01
8.610587716102600098e-01
8.610540628433227539e-01
8.611750602722167969e-01
8.610888719558715820e-01
8.611417412757873535e-01
8.609609603881835938e-01
8.608691096305847168e-01
8.606764674186706543e-01
8.605572581291198730e-01
8.604381084442138672e-01
8.603851795196533203e-01
8.603746294975280762e-01
8.603596687316894531e-01
8.604308962821960449e-01
8.604874014854431152e-01
8.606784343719482422e-01
8.605660200119018555e-01
8.605725169181823730e-01
8.602516055107116699e-01
8.600363731384277344e-01
8.598661422729492188e-01
8.597910404205322266e-01
8.597629666328430176e-01
8.597800731658935547e-01
8.599123358726501465e-01
8.598904013633728027e-01
8.599669933319091797e-01
8.598456978797912598e-01
8.597732782363891602e-01
8.595758676528930664e-01
8.594492077827453613e-01
8.593212366104125977e-01
8.592315912246704102e-01
8.591932654380798340e-01
8.591623902320861816e-01
8.591637611389160156e-01
8.592300415039062500e-01
8.593966960906982422e-01
8.594630360603332520e-01
8.597385287284851074e-01
8.596033453941345215e-01
8.596671223640441895e-01
8.592560887336730957e-01
8.589478135108947754e-01
8.587064146995544434e-01
8.586172461509704590e-01
8.586300611495971680e-01
8.586903810501098633e-01
8.587677478790283203e-01
8.587480783462524414e-01
8.587091565132141113e-01
8.585382699966430664e-01
8.583865761756896973e-01
8.582629561424255371e-01
8.581714630126953125e-01
8.581141233444213867e-01
8.580757975578308105e-01
8.580460548400878906e-01
8.580371737480163574e-01
8.580219745635986328e-01
8.579969406127929688e-01
8.579717278480529785e-01
8.579427599906921387e-01
8.579216599464416504e-01
8.578914403915405273e-01
8.578603267669677734e-01
8.578181862831115723e-01
8.578156232833862305e-01
