1.016796231269836426e+00
1.015333533287048340e+00
1.013998389244079590e+00
1.012782454490661621e+00
1.011668920516967773e+00
1.010663509368896484e+00
1.009747266769409180e+00
1.008917331695556641e+00
1.008161306381225586e+00
1.007467508316040039e+00
1.006830692291259766e+00
1.006247401237487793e+00
1.005712628364562988e+00
1.005223035812377930e+00
1.004777073860168457e+00
1.004367232322692871e+00
1.003989577293395996e+00
1.003642320632934570e+00
1.003323793411254883e+00
1.003030776977539062e+00
1.002762675285339355e+00
1.002518177032470703e+00
1.002292633056640625e+00
1.002084016799926758e+00
1.001891016960144043e+00
1.001712083816528320e+00
1.001546025276184082e+00
1.001391172409057617e+00
1.001246929168701172e+00
1.001117348670959473e+00
1.001000761985778809e+00
1.000891327857971191e+00
1.000787019729614258e+00
1.000688076019287109e+00
1.000594854354858398e+00
1.000507354736328125e+00
1.000424861907958984e+00
1.000346660614013672e+00
1.000272393226623535e+00
1.000200986862182617e+00
1.000131368637084961e+00
1.000064015388488770e+00
9.999988079071044922e-01
9.999352693557739258e-01
9.998730421066284180e-01
9.998113512992858887e-01
9.997504949569702148e-01
9.996961355209350586e-01
9.996438026428222656e-01
9.995927214622497559e-01
9.995421767234802246e-01
9.994930624961853027e-01
9.994429349899291992e-01
9.993863105773925781e-01
9.993227124214172363e-01
9.992506504058837891e-01
9.991679191589355469e-01
9.990765452384948730e-01
9.989707469940185547e-01
9.988567829132080078e-01
9.987518191337585449e-01
9.986578226089477539e-01
9.985573887825012207e-01
9.984482526779174805e-01
9.983293414115905762e-01
9.981996417045593262e-01
9.980609416961669922e-01
9.979113340377807617e-01
9.977515339851379395e-01
9.975830912590026855e-01
9.974062442779541016e-01
9.972212314605712891e-01
9.970268011093139648e-01
9.968278408050537109e-01
9.966245293617248535e-01
9.964152574539184570e-01
9.962010383605957031e-01
9.959846138954162598e-01
9.957643747329711914e-01
9.955397844314575195e-01
9.953100681304931641e-01
9.950758218765258789e-01
9.948379397392272949e-01
9.945993423461914062e-01
9.943611621856689453e-01
9.941254854202270508e-01
9.938941597938537598e-01
9.936655163764953613e-01
9.934390783309936523e-01
9.932152032852172852e-01
9.929955601692199707e-01
9.927797913551330566e-01
9.925679564476013184e-01
9.923596382141113281e-01
9.921550154685974121e-01
9.919553995132446289e-01
9.917617440223693848e-01
9.915721416473388672e-01
9.913855195045471191e-01
9.912026524543762207e-01
9.910226464271545410e-01
9.908452630043029785e-01
9.906712770462036133e-01
9.905000329017639160e-01
9.903308153152465820e-01
9.901629686355590820e-01
9.899958372116088867e-01
9.898290038108825684e-01
9.896626472473144531e-01
9.894973039627075195e-01
9.893336296081542969e-01
9.891718626022338867e-01
9.890109300613403320e-01
9.888522028923034668e-01
9.886954426765441895e-01
9.885394573211669922e-01
9.883837699890136719e-01
9.882289171218872070e-01
9.880738854408264160e-01
9.879190921783447266e-01
9.877643585205078125e-01
9.876071810722351074e-01
9.874487519264221191e-01
9.872897267341613770e-01
9.871307015419006348e-01
9.869716763496398926e-01
9.868113398551940918e-01
9.866487979888916016e-01
9.864845275878906250e-01
9.863190054893493652e-01
9.861526489257812500e-01
9.859852194786071777e-01
9.858173727989196777e-01
9.856493473052978516e-01
9.854809641838073730e-01
9.853113889694213867e-01
9.851408004760742188e-01
9.849687814712524414e-01
9.847951531410217285e-01
9.846206903457641602e-01
9.844448566436767578e-01
9.842677116394042969e-01
9.840864539146423340e-01
9.839035868644714355e-01
9.837197065353393555e-01
9.835418462753295898e-01
9.833620786666870117e-01
9.831774234771728516e-01
9.829897880554199219e-01
9.828032255172729492e-01
9.826191663742065430e-01
9.824345111846923828e-01
9.822468161582946777e-01
9.820566773414611816e-01
9.818646907806396484e-01
9.816728234291076660e-01
9.814816117286682129e-01
9.812936186790466309e-01
9.811048507690429688e-01
9.809148311614990234e-01
9.807239174842834473e-01
9.805313348770141602e-01
9.803379178047180176e-01
9.801444411277770996e-01
9.799504876136779785e-01
9.797548055648803711e-01
9.795576930046081543e-01
9.793591499328613281e-01
9.791588783264160156e-01
9.789574146270751953e-01
9.787564873695373535e-01
9.785566926002502441e-01
9.783546328544616699e-01
9.781504273414611816e-01
9.779466986656188965e-01
9.777429699897766113e-01
9.775419831275939941e-01
9.773435592651367188e-01
9.771440625190734863e-01
9.769446253776550293e-01
9.767475724220275879e-01
9.765522480010986328e-01
9.763581156730651855e-01
9.761628508567810059e-01
9.759670495986938477e-01
9.757718443870544434e-01
9.755774140357971191e-01
9.753834009170532227e-01
9.751894474029541016e-01
9.749951958656311035e-01
9.748016595840454102e-01
9.746089577674865723e-01
9.744178056716918945e-01
9.742287397384643555e-01
9.740425348281860352e-01
9.738591313362121582e-01
9.736767411231994629e-01
9.734959602355957031e-01
9.733167886734008789e-01
9.731386303901672363e-01
9.729622006416320801e-01
9.727873802185058594e-01
9.726139307022094727e-01
9.724408984184265137e-01
9.722669720649719238e-01
9.720929265022277832e-01
9.719197750091552734e-01
9.717475771903991699e-01
9.715741872787475586e-01
9.714000821113586426e-01
9.712244272232055664e-01
9.710489511489868164e-01
9.708722233772277832e-01
9.706953763961791992e-01
9.705178737640380859e-01
9.703392982482910156e-01
9.701597094535827637e-01
9.699788093566894531e-01
9.697972536087036133e-01
9.696145057678222656e-01
9.694298505783081055e-01
9.692431092262268066e-01
9.690544605255126953e-01
9.688643217086791992e-01
9.686712622642517090e-01
9.684764742851257324e-01
9.682791829109191895e-01
9.680790901184082031e-01
9.678770899772644043e-01
9.676746726036071777e-01
9.674726724624633789e-01
9.672706127166748047e-01
9.670680761337280273e-01
9.668639898300170898e-01
9.666560292243957520e-01
9.664447903633117676e-01
9.662317633628845215e-01
9.660167694091796875e-01
9.657981395721435547e-01
9.655792117118835449e-01
9.653580188751220703e-01
9.651361703872680664e-01
9.649100899696350098e-01
9.646782875061035156e-01
9.644449353218078613e-01
9.642111659049987793e-01
9.639816880226135254e-01
9.637518525123596191e-01
9.635253548622131348e-01
9.632955193519592285e-01
9.630629420280456543e-01
9.628298878669738770e-01
9.625931978225708008e-01
9.623544812202453613e-01
9.621117115020751953e-01
9.618648886680603027e-01
9.616166353225708008e-01
9.613646864891052246e-01
9.611074924468994141e-01
9.608470201492309570e-01
9.605824947357177734e-01
9.603124260902404785e-01
9.600378870964050293e-01
9.597601294517517090e-01
9.594803452491760254e-01
9.591972231864929199e-01
9.589126706123352051e-01
9.586275815963745117e-01
9.583410024642944336e-01
9.580478072166442871e-01
9.577522277832031250e-01
9.574529528617858887e-01
9.571502804756164551e-01
9.568443298339843750e-01
9.565362930297851562e-01
9.562245607376098633e-01
9.559100270271301270e-01
9.555897116661071777e-01
9.552657008171081543e-01
9.549381732940673828e-01
9.546124935150146484e-01
9.542846679687500000e-01
9.539574980735778809e-01
9.536294937133789062e-01
9.533002376556396484e-01
9.529712796211242676e-01
9.526425600051879883e-01
9.523167610168457031e-01
9.519907832145690918e-01
9.516654014587402344e-01
9.513411521911621094e-01
9.510143995285034180e-01
9.506883621215820312e-01
9.503613114356994629e-01
9.500325918197631836e-01
9.497048258781433105e-01
9.493762254714965820e-01
9.490475654602050781e-01
9.487203359603881836e-01
9.483937025070190430e-01
9.480673074722290039e-01
9.477423429489135742e-01
9.474188089370727539e-01
9.470962285995483398e-01
9.467707276344299316e-01
9.464482069015502930e-01
9.461292624473571777e-01
9.458089470863342285e-01
9.454882740974426270e-01
9.451673626899719238e-01
9.448490142822265625e-01
9.445329904556274414e-01
9.442176818847656250e-01
9.439031481742858887e-01
9.435904026031494141e-01
9.432770013809204102e-01
9.429666996002197266e-01
9.426572322845458984e-01
9.423477053642272949e-01
9.420382380485534668e-01
9.417303800582885742e-01
9.414207339286804199e-01
9.411086440086364746e-01
9.408078789710998535e-01
9.405078291893005371e-01
9.402117729187011719e-01
9.399298429489135742e-01
9.396544098854064941e-01
9.393873810768127441e-01
9.391124844551086426e-01
9.388381242752075195e-01
9.385763406753540039e-01
9.383174180984497070e-01
9.380533695220947266e-01
9.377942085266113281e-01
9.375342130661010742e-01
9.372749328613281250e-01
9.370285868644714355e-01
9.367825984954833984e-01
9.365385770797729492e-01
9.362969398498535156e-01
9.360597729682922363e-01
9.358209371566772461e-01
9.355900287628173828e-01
9.353557825088500977e-01
9.351305961608886719e-01
9.349146485328674316e-01
9.346957206726074219e-01
9.344694614410400391e-01
9.342481493949890137e-01
9.340338706970214844e-01
9.338235855102539062e-01
9.336112737655639648e-01
9.334020614624023438e-01
9.331926703453063965e-01
9.329854249954223633e-01
9.327820539474487305e-01
9.325786828994750977e-01
9.323699474334716797e-01
9.321632981300354004e-01
9.319452047348022461e-01
9.317067265510559082e-01
9.314517378807067871e-01
9.312122464179992676e-01
9.310047030448913574e-01
9.307864904403686523e-01
9.305839538574218750e-01
9.304283857345581055e-01
9.303128719329833984e-01
9.301657676696777344e-01
9.299054145812988281e-01
9.296987652778625488e-01
9.295740723609924316e-01
9.293923377990722656e-01
9.291968345642089844e-01
9.290499091148376465e-01
9.288804531097412109e-01
9.287163019180297852e-01
9.285594224929809570e-01
9.284270405769348145e-01
9.282361268997192383e-01
9.281151294708251953e-01
9.279804229736328125e-01
9.278153777122497559e-01
9.276975989341735840e-01
9.275542497634887695e-01
9.274195432662963867e-01
9.272797107696533203e-01
9.271572232246398926e-01
9.270149469375610352e-01
9.268829822540283203e-01
9.267559647560119629e-01
9.266278147697448730e-01
9.264954924583435059e-01
9.263861775398254395e-01
9.262496232986450195e-01
9.261194467544555664e-01
9.259945750236511230e-01
9.258769154548645020e-01
9.257385134696960449e-01
9.256072640419006348e-01
9.254970550537109375e-01
9.253890514373779297e-01
9.252687692642211914e-01
9.251495599746704102e-01
9.250387549400329590e-01
9.249186515808105469e-01
9.248002767562866211e-01
9.246850609779357910e-01
9.245761036872863770e-01
9.244661927223205566e-01
9.243593811988830566e-01
9.242433905601501465e-01
9.241312146186828613e-01
9.240247011184692383e-01
9.239242672920227051e-01
9.238303899765014648e-01
9.237374663352966309e-01
9.236430525779724121e-01
9.235224723815917969e-01
9.234060049057006836e-01
9.233011603355407715e-01
9.232071042060852051e-01
9.231192469596862793e-01
9.230293631553649902e-01
9.229295253753662109e-01
9.228265285491943359e-01
9.227128624916076660e-01
9.226071238517761230e-01
9.225129485130310059e-01
9.224216938018798828e-01
9.223324060440063477e-01
9.222403168678283691e-01
9.221441745758056641e-01
9.220516085624694824e-01
9.219784736633300781e-01
9.219015240669250488e-01
9.218064546585083008e-01
9.216970205307006836e-01
9.215986132621765137e-01
9.215078353881835938e-01
9.214347004890441895e-01
9.213750362396240234e-01
9.212977886199951172e-01
9.211965203285217285e-01
9.210902452468872070e-01
9.210084676742553711e-01
9.209461808204650879e-01
9.208705425262451172e-01
9.207774400711059570e-01
9.206910133361816406e-01
9.206262230873107910e-01
9.205730557441711426e-01
9.205014705657958984e-01
9.203950166702270508e-01
9.203119874000549316e-01
9.202463626861572266e-01
9.201856255531311035e-01
9.201018214225769043e-01
9.200186729431152344e-01
9.199498295783996582e-01
9.198985695838928223e-01
9.198328852653503418e-01
9.197346568107604980e-01
9.196595549583435059e-01
9.196087121963500977e-01
9.195409417152404785e-01
9.194585680961608887e-01
9.193759560585021973e-01
9.193129539489746094e-01
9.192448854446411133e-01
9.191763997077941895e-01
9.191107153892517090e-01
9.190330505371093750e-01
9.189603924751281738e-01
9.188868999481201172e-01
9.188256859779357910e-01
9.187443256378173828e-01
9.186622500419616699e-01
9.185838103294372559e-01
9.184972643852233887e-01
9.184029698371887207e-01
9.183198809623718262e-01
9.182448387145996094e-01
9.181596636772155762e-01
9.180929660797119141e-01
9.180339574813842773e-01
9.179515242576599121e-01
9.178633093833923340e-01
9.178001284599304199e-01
9.177346229553222656e-01
9.176655411720275879e-01
9.175939559936523438e-01
9.175078868865966797e-01
9.174171686172485352e-01
9.173468947410583496e-01
9.172650575637817383e-01
9.171916246414184570e-01
9.171144366264343262e-01
9.170411825180053711e-01
9.169645905494689941e-01
9.168954491615295410e-01
9.168233871459960938e-01
9.167502522468566895e-01
9.166702032089233398e-01
9.165983200073242188e-01
9.165183305740356445e-01
9.164452552795410156e-01
9.163683056831359863e-01
9.163051247596740723e-01
9.162518382072448730e-01
9.162049889564514160e-01
9.161697626113891602e-01
9.160873889923095703e-01
9.159358143806457520e-01
9.158356785774230957e-01
9.157900810241699219e-01
9.157508015632629395e-01
9.156301021575927734e-01
9.155168533325195312e-01
9.154269695281982422e-01
9.153640866279602051e-01
9.153137207031250000e-01
9.152003526687622070e-01
9.151027202606201172e-01
9.150229096412658691e-01
9.149497747421264648e-01
9.148560762405395508e-01
9.147608876228332520e-01
9.146845340728759766e-01
9.146105051040649414e-01
9.145231246948242188e-01
9.144284725189208984e-01
9.143415093421936035e-01
9.142696261405944824e-01
9.141877889633178711e-01
9.141075611114501953e-01
9.140226244926452637e-01
9.139310717582702637e-01
9.138510227203369141e-01
9.137693047523498535e-01
9.136824607849121094e-01
9.135957956314086914e-01
9.135094285011291504e-01
9.134235382080078125e-01
9.133378863334655762e-01
9.132462143898010254e-01
9.131576418876647949e-01
9.130648374557495117e-01
9.129844903945922852e-01
9.128997921943664551e-01
9.128246307373046875e-01
9.127442836761474609e-01
9.126517772674560547e-01
9.125517606735229492e-01
9.124579429626464844e-01
9.123663902282714844e-01
9.122795462608337402e-01
9.121882915496826172e-01
9.121068120002746582e-01
9.120166301727294922e-01
9.119303822517395020e-01
9.118465781211853027e-01
9.117789864540100098e-01
9.117154479026794434e-01
9.116333723068237305e-01
9.115179777145385742e-01
9.114088416099548340e-01
9.113118052482604980e-01
9.112334251403808594e-01
9.111583232879638672e-01
9.110906720161437988e-01
9.110068678855895996e-01
9.109131693840026855e-01
9.108140468597412109e-01
9.107190370559692383e-01
9.106293916702270508e-01
9.105383753776550293e-01
9.104509353637695312e-01
9.103580117225646973e-01
9.102721214294433594e-01
9.101836085319519043e-01
9.100996255874633789e-01
9.100141525268554688e-01
9.099297523498535156e-01
9.098474979400634766e-01
9.097784161567687988e-01
9.097081422805786133e-01
9.096246957778930664e-01
9.095208048820495605e-01
9.094043374061584473e-01
9.092922806739807129e-01
9.091928005218505859e-01
9.091064333915710449e-01
9.090303182601928711e-01
9.089673757553100586e-01
9.088972210884094238e-01
9.088254570960998535e-01
9.087070226669311523e-01
9.085870981216430664e-01
9.084613323211669922e-01
9.083479642868041992e-01
9.082558155059814453e-01
9.081656932830810547e-01
9.080786108970642090e-01
9.079752564430236816e-01
9.078727364540100098e-01
9.077620506286621094e-01
9.076510071754455566e-01
9.075443148612976074e-01
9.074422121047973633e-01
9.073379635810852051e-01
9.072278141975402832e-01
9.071243405342102051e-01
9.070449471473693848e-01
9.069887995719909668e-01
9.069185853004455566e-01
9.068262577056884766e-01
9.065902829170227051e-01
9.064358472824096680e-01
9.064123630523681641e-01
9.063470959663391113e-01
9.062159657478332520e-01
9.059937596321105957e-01
9.059345722198486328e-01
9.059394001960754395e-01
9.057538509368896484e-01
9.055664539337158203e-01
9.054948687553405762e-01
9.054371714591979980e-01
9.053410887718200684e-01
9.051392674446105957e-01
9.050706624984741211e-01
9.050534963607788086e-01
9.048715829849243164e-01
9.046927690505981445e-01
9.046441912651062012e-01
9.045396447181701660e-01
9.043661355972290039e-01
9.042677283287048340e-01
9.042294025421142578e-01
9.041073322296142578e-01
9.038954973220825195e-01
9.038730263710021973e-01
9.037946462631225586e-01
9.035860300064086914e-01
9.034129381179809570e-01
9.034381508827209473e-01
9.032570123672485352e-01
9.030590653419494629e-01
9.029354453086853027e-01
9.028992652893066406e-01
9.027158617973327637e-01
9.025386571884155273e-01
9.024139642715454102e-01
9.023507833480834961e-01
9.021874666213989258e-01
9.020113945007324219e-01
9.019048213958740234e-01
9.017934203147888184e-01
9.016544222831726074e-01
9.014930725097656250e-01
9.013893604278564453e-01
9.012698531150817871e-01
9.011529088020324707e-01
9.010042548179626465e-01
9.008786678314208984e-01
9.007625579833984375e-01
9.006491899490356445e-01
9.005140662193298340e-01
9.003977775573730469e-01
9.002889394760131836e-01
9.001752734184265137e-01
9.000510573387145996e-01
8.999352455139160156e-01
8.998230695724487305e-01
8.997090458869934082e-01
8.996113538742065430e-01
8.995037674903869629e-01
8.993965387344360352e-01
8.992805480957031250e-01
8.991657495498657227e-01
8.990520834922790527e-01
8.989403843879699707e-01
8.988254070281982422e-01
8.987091779708862305e-01
8.985906839370727539e-01
8.984684944152832031e-01
8.983479142189025879e-01
8.982185125350952148e-01
8.980948925018310547e-01
8.979551196098327637e-01
8.978312015533447266e-01
8.977035880088806152e-01
8.975871205329895020e-01
8.974524140357971191e-01
8.972869515419006348e-01
8.971192836761474609e-01
8.969535231590270996e-01
8.967927694320678711e-01
8.966411352157592773e-01
8.964886069297790527e-01
8.963431715965270996e-01
8.962028026580810547e-01
8.960575461387634277e-01
8.959198594093322754e-01
8.957750797271728516e-01
8.956280946731567383e-01
8.954734802246093750e-01
8.953049778938293457e-01
8.951454758644104004e-01
8.949938416481018066e-01
8.948494791984558105e-01
8.947081565856933594e-01
8.945723176002502441e-01
8.944471478462219238e-01
8.943498134613037109e-01
8.942990899085998535e-01
8.943645954132080078e-01
8.944385051727294922e-01
8.943575620651245117e-01
8.939580321311950684e-01
8.936215043067932129e-01
8.936960101127624512e-01
8.938333392143249512e-01
8.935338258743286133e-01
8.932271599769592285e-01
8.932645320892333984e-01
8.933055996894836426e-01
8.930591940879821777e-01
8.928616642951965332e-01
8.929396271705627441e-01
8.928844332695007324e-01
8.926049470901489258e-01
8.925665616989135742e-01
8.925616741180419922e-01
8.923812508583068848e-01
8.922594785690307617e-01
8.922694325447082520e-01
8.921466469764709473e-01
8.919907212257385254e-01
8.919340968132019043e-01
8.918612003326416016e-01
8.917509317398071289e-01
8.916447162628173828e-01
8.915877938270568848e-01
8.915145993232727051e-01
8.914147615432739258e-01
8.913036584854125977e-01
8.912325501441955566e-01
8.911899328231811523e-01
8.910853862762451172e-01
8.909712433815002441e-01
8.908833265304565430e-01
8.908562064170837402e-01
8.907274007797241211e-01
8.906421065330505371e-01
8.905702233314514160e-01
8.904902338981628418e-01
8.904094696044921875e-01
8.903028368949890137e-01
8.902193307876586914e-01
8.901259899139404297e-01
8.900495171546936035e-01
8.899542689323425293e-01
8.898715376853942871e-01
8.897862434387207031e-01
8.897069096565246582e-01
8.896195888519287109e-01
8.895413279533386230e-01
8.894506692886352539e-01
8.893682360649108887e-01
8.892799019813537598e-01
8.891959190368652344e-01
8.891077041625976562e-01
8.890245556831359863e-01
8.889390826225280762e-01
8.888557553291320801e-01
8.887752294540405273e-01
8.886914253234863281e-01
8.886123895645141602e-01
8.885281085968017578e-01
8.884453773498535156e-01
8.883698582649230957e-01
8.882947564125061035e-01
8.882230520248413086e-01
8.881482481956481934e-01
8.880736827850341797e-01
8.880040645599365234e-01
8.879380822181701660e-01
8.878729939460754395e-01
8.878018260002136230e-01
8.877412080764770508e-01
8.876770138740539551e-01
8.876041769981384277e-01
8.875138759613037109e-01
8.874236941337585449e-01
8.873407840728759766e-01
8.872631192207336426e-01
8.871962428092956543e-01
8.871294260025024414e-01
8.870636224746704102e-01
8.870002031326293945e-01
8.869392275810241699e-01
8.868797421455383301e-01
8.868227005004882812e-01
8.867667913436889648e-01
8.867061138153076172e-01
8.866369724273681641e-01
8.865619897842407227e-01
8.864855766296386719e-01
8.864198923110961914e-01
8.863797783851623535e-01
8.863457441329956055e-01
8.863091468811035156e-01
8.862665891647338867e-01
8.861799240112304688e-01
8.860884308815002441e-01
8.860095739364624023e-01
8.859506249427795410e-01
8.859091401100158691e-01
8.858731389045715332e-01
8.858246207237243652e-01
8.857669234275817871e-01
8.856886625289916992e-01
8.856054544448852539e-01
8.855527639389038086e-01
8.855345249176025391e-01
8.855177164077758789e-01
8.855143189430236816e-01
8.854819536209106445e-01
8.854160904884338379e-01
8.852792978286743164e-01
8.851684927940368652e-01
8.851045966148376465e-01
8.850547075271606445e-01
8.850183486938476562e-01
8.849890232086181641e-01
8.849512338638305664e-01
8.848900198936462402e-01
8.848232030868530273e-01
8.847384452819824219e-01
8.846858143806457520e-01
8.846158981323242188e-01
8.845494985580444336e-01
8.844965696334838867e-01
8.844401240348815918e-01
8.843819499015808105e-01
8.843276500701904297e-01
8.842807412147521973e-01
8.842298388481140137e-01
8.841960430145263672e-01
8.841717839241027832e-01
8.841147422790527344e-01
8.840811848640441895e-01
8.840438127517700195e-01
8.839665651321411133e-01
8.838766217231750488e-01
8.838042020797729492e-01
8.837304711341857910e-01
8.836639523506164551e-01
8.836037516593933105e-01
8.835450410842895508e-01
8.834834098815917969e-01
8.834255337715148926e-01
8.833629488945007324e-01
8.832954764366149902e-01
8.832291364669799805e-01
8.831688761711120605e-01
8.831178545951843262e-01
8.830800652503967285e-01
8.830618858337402344e-01
8.830476403236389160e-01
8.830153346061706543e-01
8.829559683799743652e-01
8.828071355819702148e-01
8.826704621315002441e-01
8.825786709785461426e-01
8.825292587280273438e-01
8.825055956840515137e-01
8.824694156646728516e-01
8.824169039726257324e-01
8.823432326316833496e-01
8.822373151779174805e-01
8.821544647216796875e-01
8.821080327033996582e-01
8.820869922637939453e-01
8.820727467536926270e-01
8.820512294769287109e-01
8.819691538810729980e-01
8.818606734275817871e-01
8.817576766014099121e-01
8.816841244697570801e-01
8.816262483596801758e-01
8.815789222717285156e-01
8.815635442733764648e-01
8.815633654594421387e-01
8.815763592720031738e-01
8.815249204635620117e-01
8.814814090728759766e-01
8.813542723655700684e-01
8.812333941459655762e-01
8.811283111572265625e-01
8.810650706291198730e-01
8.810318708419799805e-01
8.809955120086669922e-01
8.809381127357482910e-01
8.808671832084655762e-01
8.807923793792724609e-01
8.807231187820434570e-01
8.806697130203247070e-01
8.806326389312744141e-01
8.806127905845642090e-01
8.806087970733642578e-01
8.805941343307495117e-01
8.805526494979858398e-01
8.804430961608886719e-01
8.803380131721496582e-01
8.802514076232910156e-01
8.801895976066589355e-01
8.801477551460266113e-01
8.801143169403076172e-01
8.800787329673767090e-01
8.800274729728698730e-01
8.799717426300048828e-01
8.799081444740295410e-01
8.798272609710693359e-01
8.797540068626403809e-01
8.796885609626770020e-01
8.796434998512268066e-01
8.796120882034301758e-01
8.796024322509765625e-01
8.795719742774963379e-01
8.795461058616638184e-01
8.794747591018676758e-01
8.793778419494628906e-01
8.792659640312194824e-01
8.791988492012023926e-01
8.791672587394714355e-01
8.791432380676269531e-01
8.791067600250244141e-01
8.790431618690490723e-01
8.789867162704467773e-01
8.789160251617431641e-01
8.788377046585083008e-01
8.787761926651000977e-01
8.787243366241455078e-01
8.786947727203369141e-01
8.786590099334716797e-01
8.786296844482421875e-01
8.785870075225830078e-01
8.785284161567687988e-01
8.784297704696655273e-01
8.783360719680786133e-01
8.782625198364257812e-01
8.782066702842712402e-01
8.781647086143493652e-01
8.781434893608093262e-01
8.781101107597351074e-01
8.780917525291442871e-01
8.780798316001892090e-01
8.780409097671508789e-01
8.779659867286682129e-01
8.778840303421020508e-01
8.777887821197509766e-01
8.777041435241699219e-01
8.776383399963378906e-01
8.775884509086608887e-01
8.775361180305480957e-01
8.774957060813903809e-01
8.774585723876953125e-01
8.774245381355285645e-01
8.774103522300720215e-01
8.774151206016540527e-01
8.773772120475769043e-01
8.773382902145385742e-01
8.772588372230529785e-01
8.771678805351257324e-01
8.770877122879028320e-01
8.770316839218139648e-01
8.769918680191040039e-01
8.769646883010864258e-01
8.769543766975402832e-01
8.769997954368591309e-01
8.770505189895629883e-01
8.770073056221008301e-01
8.769863843917846680e-01
8.768625855445861816e-01
8.767054677009582520e-01
8.766021132469177246e-01
8.765516281127929688e-01
8.765189647674560547e-01
8.765160441398620605e-01
8.765055537223815918e-01
8.764715194702148438e-01
8.764189481735229492e-01
8.763860464096069336e-01
8.763060569763183594e-01
8.762339949607849121e-01
8.761578798294067383e-01
