1.039916515350341797e+00
1.038036704063415527e+00
1.036275267601013184e+00
1.034606575965881348e+00
1.033022284507751465e+00
1.031520366668701172e+00
1.030096054077148438e+00
1.028748035430908203e+00
1.027474164962768555e+00
1.026267766952514648e+00
1.025124073028564453e+00
1.024035096168518066e+00
1.022994637489318848e+00
1.021999716758728027e+00
1.021046161651611328e+00
1.020131111145019531e+00
1.019250631332397461e+00
1.018402338027954102e+00
1.017583966255187988e+00
1.016793966293334961e+00
1.016030073165893555e+00
1.015291213989257812e+00
1.014576673507690430e+00
1.013885855674743652e+00
1.013218522071838379e+00
1.012573719024658203e+00
1.011950731277465820e+00
1.011349201202392578e+00
1.010768294334411621e+00
1.010207772254943848e+00
1.009666800498962402e+00
1.009145140647888184e+00
1.008641839027404785e+00
1.008173108100891113e+00
1.007737398147583008e+00
1.007302403450012207e+00
1.006883263587951660e+00
1.006480455398559570e+00
1.006095051765441895e+00
1.005729794502258301e+00
1.005383849143981934e+00
1.005047202110290527e+00
1.004724860191345215e+00
1.004416465759277344e+00
1.004121780395507812e+00
1.003840088844299316e+00
1.003571152687072754e+00
1.003313899040222168e+00
1.003067851066589355e+00
1.002831816673278809e+00
1.002606034278869629e+00
1.002389311790466309e+00
1.002181291580200195e+00
1.001981258392333984e+00
1.001788377761840820e+00
1.001602172851562500e+00
1.001421689987182617e+00
1.001246094703674316e+00
1.001074433326721191e+00
1.000906348228454590e+00
1.000737071037292480e+00
1.000562787055969238e+00
1.000388979911804199e+00
1.000208377838134766e+00
1.000035166740417480e+00
9.998969435691833496e-01
9.997529387474060059e-01
9.995972514152526855e-01
9.994347691535949707e-01
9.992699027061462402e-01
9.991154670715332031e-01
9.989659190177917480e-01
9.988134503364562988e-01
9.986547231674194336e-01
9.984918832778930664e-01
9.983273744583129883e-01
9.981635808944702148e-01
9.980004429817199707e-01
9.978350400924682617e-01
9.976651668548583984e-01
9.974904656410217285e-01
9.973115921020507812e-01
9.971310496330261230e-01
9.969477653503417969e-01
9.967621564865112305e-01
9.965770840644836426e-01
9.963942170143127441e-01
9.962140321731567383e-01
9.960342645645141602e-01
9.958532452583312988e-01
9.956712126731872559e-01
9.954889416694641113e-01
9.953070282936096191e-01
9.951258897781372070e-01
9.949468374252319336e-01
9.947681427001953125e-01
9.945905208587646484e-01
9.944158196449279785e-01
9.942429065704345703e-01
9.940678477287292480e-01
9.938915371894836426e-01
9.937156438827514648e-01
9.935370683670043945e-01
9.933586120605468750e-01
9.931813478469848633e-01
9.929994344711303711e-01
9.928123354911804199e-01
9.926166534423828125e-01
9.924123287200927734e-01
9.922006130218505859e-01
9.919834136962890625e-01
9.917587041854858398e-01
9.915252923965454102e-01
9.912843108177185059e-01
9.910390973091125488e-01
9.907915592193603516e-01
9.905411005020141602e-01
9.902876615524291992e-01
9.900307655334472656e-01
9.897710084915161133e-01
9.895086884498596191e-01
9.892457723617553711e-01
9.889808297157287598e-01
9.887129664421081543e-01
9.884416460990905762e-01
9.881675243377685547e-01
9.878906011581420898e-01
9.876114726066589355e-01
9.873307943344116211e-01
9.870493412017822266e-01
9.867656826972961426e-01
9.864802360534667969e-01
9.861933588981628418e-01
9.859044551849365234e-01
9.856137037277221680e-01
9.853255748748779297e-01
9.850416183471679688e-01
9.847633838653564453e-01
9.844866991043090820e-01
9.842146039009094238e-01
9.839467406272888184e-01
9.836836457252502441e-01
9.834244251251220703e-01
9.831700921058654785e-01
9.829189777374267578e-01
9.826710820198059082e-01
9.824258089065551758e-01
9.821822643280029297e-01
9.819439053535461426e-01
9.817131161689758301e-01
9.814878702163696289e-01
9.812655448913574219e-01
9.810471534729003906e-01
9.808323979377746582e-01
9.806193709373474121e-01
9.804075360298156738e-01
9.801986217498779297e-01
9.799953699111938477e-01
9.797950983047485352e-01
9.795961380004882812e-01
9.793980121612548828e-01
9.792025089263916016e-01
9.790100455284118652e-01
9.788212776184082031e-01
9.786350131034851074e-01
9.784511923789978027e-01
9.782671332359313965e-01
9.780833125114440918e-01
9.779031872749328613e-01
9.777262806892395020e-01
9.775475859642028809e-01
9.773719310760498047e-01
9.771984219551086426e-01
9.770264625549316406e-01
9.768526554107666016e-01
9.766789078712463379e-01
9.765063524246215820e-01
9.763332605361938477e-01
9.761611223220825195e-01
9.759840965270996094e-01
9.758113622665405273e-01
9.756397008895874023e-01
9.754687547683715820e-01
9.752988815307617188e-01
9.751288890838623047e-01
9.749590158462524414e-01
9.747892618179321289e-01
9.746191501617431641e-01
9.744493961334228516e-01
9.742800593376159668e-01
9.741112589836120605e-01
9.739431142807006836e-01
9.737770557403564453e-01
9.736131429672241211e-01
9.734498262405395508e-01
9.732874631881713867e-01
9.731275439262390137e-01
9.729685187339782715e-01
9.728105068206787109e-01
9.726523160934448242e-01
9.724943041801452637e-01
9.723376035690307617e-01
9.721820950508117676e-01
9.720277786254882812e-01
9.718748331069946289e-01
9.717230200767517090e-01
9.715719819068908691e-01
9.714226722717285156e-01
9.712734222412109375e-01
9.711248278617858887e-01
9.709766507148742676e-01
9.708290100097656250e-01
9.706817865371704102e-01
9.705350995063781738e-01
9.703890085220336914e-01
9.702432751655578613e-01
9.700958728790283203e-01
9.699489474296569824e-01
9.698097705841064453e-01
9.696707129478454590e-01
9.695253968238830566e-01
9.693767428398132324e-01
9.692261219024658203e-01
9.690752029418945312e-01
9.689282178878784180e-01
9.687803387641906738e-01
9.686310887336730957e-01
9.684832692146301270e-01
9.683359265327453613e-01
9.681903719902038574e-01
9.680490493774414062e-01
9.679096937179565430e-01
9.677697420120239258e-01
9.676295518875122070e-01
9.674893021583557129e-01
9.673492908477783203e-01
9.672121405601501465e-01
9.670761227607727051e-01
9.669407606124877930e-01
9.668068289756774902e-01
9.666731357574462891e-01
9.665398597717285156e-01
9.664083719253540039e-01
9.662779569625854492e-01
9.661475419998168945e-01
9.660187363624572754e-01
9.658912420272827148e-01
9.657648801803588867e-01
9.656382799148559570e-01
9.655126333236694336e-01
9.653884172439575195e-01
9.652646183967590332e-01
9.651416540145874023e-01
9.650186300277709961e-01
9.648959040641784668e-01
9.647717475891113281e-01
9.646442532539367676e-01
9.645098447799682617e-01
9.643720388412475586e-01
9.642361998558044434e-01
9.641060233116149902e-01
9.639750719070434570e-01
9.638432264328002930e-01
9.637133479118347168e-01
9.635873436927795410e-01
9.634647965431213379e-01
9.633452296257019043e-01
9.632260799407958984e-01
9.631099104881286621e-01
9.629939198493957520e-01
9.628787636756896973e-01
9.627630114555358887e-01
9.626460075378417969e-01
9.625291228294372559e-01
9.624112844467163086e-01
9.622922539710998535e-01
9.621721506118774414e-01
9.620517492294311523e-01
9.619311690330505371e-01
9.618108868598937988e-01
9.616892337799072266e-01
9.615673422813415527e-01
9.614444971084594727e-01
9.613206982612609863e-01
9.611957073211669922e-01
9.610693454742431641e-01
9.609428048133850098e-01
9.608143568038940430e-01
9.606841802597045898e-01
9.605492353439331055e-01
9.604107141494750977e-01
9.602600932121276855e-01
9.600982666015625000e-01
9.599329829216003418e-01
9.597775340080261230e-01
9.596308469772338867e-01
9.594728946685791016e-01
9.593061208724975586e-01
9.591357707977294922e-01
9.589624404907226562e-01
9.587810635566711426e-01
9.585912227630615234e-01
9.583928585052490234e-01
9.581920504570007324e-01
9.579867124557495117e-01
9.577808976173400879e-01
9.575709104537963867e-01
9.573550820350646973e-01
9.571352005004882812e-01
9.569131135940551758e-01
9.566904902458190918e-01
9.564646482467651367e-01
9.562349319458007812e-01
9.560036063194274902e-01
9.557695984840393066e-01
9.555311203002929688e-01
9.552882909774780273e-01
9.550439119338989258e-01
9.547978043556213379e-01
9.545496106147766113e-01
9.542993903160095215e-01
9.540496468544006348e-01
9.537978768348693848e-01
9.535450339317321777e-01
9.532902836799621582e-01
9.530345201492309570e-01
9.527767300605773926e-01
9.525147080421447754e-01
9.522517919540405273e-01
9.519873857498168945e-01
9.517220854759216309e-01
9.514551162719726562e-01
9.511883854866027832e-01
9.509215950965881348e-01
9.506532549858093262e-01
9.503852725028991699e-01
9.501181244850158691e-01
9.498518109321594238e-01
9.495879411697387695e-01
9.493249654769897461e-01
9.490627646446228027e-01
9.488005638122558594e-01
9.485388398170471191e-01
9.482789635658264160e-01
9.480207562446594238e-01
9.477632641792297363e-01
9.475056529045104980e-01
9.472491145133972168e-01
9.469942450523376465e-01
9.467394351959228516e-01
9.464871287345886230e-01
9.462350010871887207e-01
9.459857940673828125e-01
9.457415342330932617e-01
9.454980492591857910e-01
9.452581405639648438e-01
9.450187683105468750e-01
9.447826743125915527e-01
9.445474743843078613e-01
9.443145394325256348e-01
9.440842866897583008e-01
9.438540339469909668e-01
9.436239600181579590e-01
9.433941245079040527e-01
9.431678056716918945e-01
9.429429173469543457e-01
9.427202343940734863e-01
9.424991011619567871e-01
9.422790408134460449e-01
9.420640468597412109e-01
9.418485164642333984e-01
9.416386485099792480e-01
9.414293169975280762e-01
9.412208199501037598e-01
9.410148262977600098e-01
9.408102631568908691e-01
9.406082034111022949e-01
9.404080510139465332e-01
9.402087330818176270e-01
9.400137066841125488e-01
9.398233890533447266e-01
9.396322965621948242e-01
9.394394159317016602e-01
9.392483234405517578e-01
9.390659928321838379e-01
9.388810992240905762e-01
9.387035369873046875e-01
9.385273456573486328e-01
9.383532404899597168e-01
9.381812810897827148e-01
9.380108118057250977e-01
9.378501176834106445e-01
9.376940131187438965e-01
9.375392198562622070e-01
9.373803734779357910e-01
9.372297525405883789e-01
9.370799660682678223e-01
9.369375109672546387e-01
9.367974996566772461e-01
9.366518259048461914e-01
9.365039467811584473e-01
9.363663792610168457e-01
9.362336397171020508e-01
9.361002445220947266e-01
9.359746575355529785e-01
9.358494877815246582e-01
9.357213377952575684e-01
9.355976581573486328e-01
9.354801774024963379e-01
9.353595972061157227e-01
9.352437853813171387e-01
9.351344108581542969e-01
9.350283145904541016e-01
9.349321722984313965e-01
9.348210096359252930e-01
9.346910119056701660e-01
9.345735311508178711e-01
9.344727993011474609e-01
9.343768358230590820e-01
9.342693686485290527e-01
9.341590404510498047e-01
9.340541958808898926e-01
9.339584708213806152e-01
9.338604807853698730e-01
9.337620735168457031e-01
9.336546063423156738e-01
9.335577487945556641e-01
9.334626197814941406e-01
9.333634972572326660e-01
9.332584738731384277e-01
9.331568479537963867e-01
9.330593347549438477e-01
9.329596757888793945e-01
9.328657984733581543e-01
9.327662587165832520e-01
9.326671361923217773e-01
9.325701594352722168e-01
9.324792027473449707e-01
9.323872327804565430e-01
9.322941303253173828e-01
9.322039484977722168e-01
9.321163296699523926e-01
9.320279359817504883e-01
9.319391250610351562e-01
9.318528771400451660e-01
9.317660331726074219e-01
9.316822886466979980e-01
9.315907359123229980e-01
9.315054416656494141e-01
9.314205646514892578e-01
9.313319325447082520e-01
9.312461614608764648e-01
9.311568737030029297e-01
9.310764074325561523e-01
9.310005903244018555e-01
9.309207797050476074e-01
9.308406114578247070e-01
9.307656884193420410e-01
9.306999444961547852e-01
9.306231737136840820e-01
9.305529594421386719e-01
9.304791092872619629e-01
9.304020404815673828e-01
9.303101897239685059e-01
9.302214980125427246e-01
9.301462173461914062e-01
9.300814270973205566e-01
9.300171136856079102e-01
9.299403429031372070e-01
9.298586845397949219e-01
9.297802448272705078e-01
9.297145009040832520e-01
9.296499490737915039e-01
9.295740723609924316e-01
9.295020699501037598e-01
9.294345974922180176e-01
9.293692708015441895e-01
9.293022751808166504e-01
9.292348623275756836e-01
9.291660189628601074e-01
9.290999174118041992e-01
9.290369153022766113e-01
9.289746880531311035e-01
9.289087653160095215e-01
9.288430809974670410e-01
9.287763833999633789e-01
9.287106394767761230e-01
9.286468029022216797e-01
9.285844564437866211e-01
9.285220503807067871e-01
9.284595847129821777e-01
9.283968806266784668e-01
9.283348917961120605e-01
9.282729029655456543e-01
9.282110929489135742e-01
9.281496405601501465e-01
9.280872344970703125e-01
9.280269145965576172e-01
9.279649853706359863e-01
9.279024004936218262e-01
9.278416633605957031e-01
9.277824163436889648e-01
9.277224540710449219e-01
9.276623725891113281e-01
9.276010990142822266e-01
9.275391697883605957e-01
9.274777173995971680e-01
9.274173974990844727e-01
9.273578524589538574e-01
9.273012876510620117e-01
9.272504448890686035e-01
9.272072315216064453e-01
9.271420836448669434e-01
9.270741939544677734e-01
9.270283579826354980e-01
9.269819855690002441e-01
9.268994331359863281e-01
9.268035888671875000e-01
9.267489314079284668e-01
9.267037510871887207e-01
9.266362190246582031e-01
9.265611171722412109e-01
9.265047907829284668e-01
9.264625310897827148e-01
9.263837337493896484e-01
9.263124465942382812e-01
9.262607097625732422e-01
9.262007474899291992e-01
9.261305928230285645e-01
9.260648488998413086e-01
9.260101914405822754e-01
9.259456396102905273e-01
9.258807301521301270e-01
9.258177280426025391e-01
9.257589578628540039e-01
9.256956577301025391e-01
9.256286621093750000e-01
9.255657196044921875e-01
9.255046844482421875e-01
9.254440069198608398e-01
9.253847599029541016e-01
9.253278374671936035e-01
9.252762198448181152e-01
9.252326488494873047e-01
9.251683950424194336e-01
9.251007437705993652e-01
9.250204563140869141e-01
9.249587059020996094e-01
9.249037504196166992e-01
9.248556494712829590e-01
9.248075485229492188e-01
9.247447252273559570e-01
9.246709942817687988e-01
9.246027469635009766e-01
9.245471954345703125e-01
9.244940876960754395e-01
9.244362711906433105e-01
9.243714213371276855e-01
9.243059754371643066e-01
9.242411255836486816e-01
9.241806864738464355e-01
9.241216182708740234e-01
9.240618944168090820e-01
9.239993095397949219e-01
9.239361286163330078e-01
9.238675236701965332e-01
9.238032698631286621e-01
9.237427711486816406e-01
9.236855506896972656e-01
9.236342906951904297e-01
9.235808849334716797e-01
9.235218167304992676e-01
9.234485626220703125e-01
9.233780503273010254e-01
9.233111143112182617e-01
9.232512116432189941e-01
9.231951236724853516e-01
9.231439828872680664e-01
9.230835437774658203e-01
9.230167269706726074e-01
9.229450821876525879e-01
9.228764772415161133e-01
9.228169322013854980e-01
9.227614998817443848e-01
9.227063059806823730e-01
9.226447343826293945e-01
9.225772023200988770e-01
9.225105047225952148e-01
9.224480390548706055e-01
9.223908185958862305e-01
9.223312735557556152e-01
9.222704172134399414e-01
9.222049117088317871e-01
9.221396446228027344e-01
9.220744967460632324e-01
9.220157265663146973e-01
9.219657778739929199e-01
9.218977093696594238e-01
9.218247532844543457e-01
9.217533469200134277e-01
9.216850399971008301e-01
9.216140508651733398e-01
9.215406179428100586e-01
9.214736223220825195e-01
9.213963747024536133e-01
9.213168621063232422e-01
9.212412238121032715e-01
9.211673736572265625e-01
9.210906028747558594e-01
9.210121631622314453e-01
9.209333658218383789e-01
9.208549857139587402e-01
9.207719564437866211e-01
9.206847548484802246e-01
9.205952286720275879e-01
9.204899072647094727e-01
9.203762412071228027e-01
9.202578067779541016e-01
9.201439023017883301e-01
9.200502038002014160e-01
9.199650883674621582e-01
9.198835492134094238e-01
9.197936654090881348e-01
9.196964502334594727e-01
9.196037054061889648e-01
9.195281267166137695e-01
9.194465279579162598e-01
9.193784594535827637e-01
9.192993640899658203e-01
9.192312955856323242e-01
9.191616773605346680e-01
9.190887808799743652e-01
9.190039038658142090e-01
9.189246892929077148e-01
9.188682436943054199e-01
9.188081026077270508e-01
9.187214374542236328e-01
9.186443686485290527e-01
9.186000823974609375e-01
9.185354113578796387e-01
9.184393882751464844e-01
9.183675050735473633e-01
9.183222055435180664e-01
9.182527661323547363e-01
9.181522130966186523e-01
9.180909991264343262e-01
9.180435538291931152e-01
9.179452657699584961e-01
9.178760051727294922e-01
9.178414940834045410e-01
9.177504777908325195e-01
9.176573157310485840e-01
9.175878763198852539e-01
9.175377488136291504e-01
9.174489974975585938e-01
9.173789024353027344e-01
9.173294901847839355e-01
9.172586202621459961e-01
9.171687960624694824e-01
9.171037077903747559e-01
9.170446395874023438e-01
9.169611930847167969e-01
9.168946743011474609e-01
9.168412089347839355e-01
9.167658686637878418e-01
9.166896939277648926e-01
9.166266918182373047e-01
9.165742993354797363e-01
9.164922237396240234e-01
9.164287447929382324e-01
9.163649678230285645e-01
9.163014292716979980e-01
9.162318706512451172e-01
9.161647558212280273e-01
9.160983562469482422e-01
9.160355925559997559e-01
9.159668087959289551e-01
9.158953428268432617e-01
9.158271551132202148e-01
9.157622456550598145e-01
9.156974554061889648e-01
9.156255722045898438e-01
9.155588746070861816e-01
9.154911041259765625e-01
9.154311418533325195e-01
9.153550863265991211e-01
9.152826666831970215e-01
9.152145981788635254e-01
9.151524901390075684e-01
9.150741696357727051e-01
9.150059819221496582e-01
9.149253964424133301e-01
9.148551225662231445e-01
9.147834777832031250e-01
9.147039651870727539e-01
9.146333932876586914e-01
9.145589470863342285e-01
9.144803881645202637e-01
9.144092798233032227e-01
9.143249988555908203e-01
9.142450690269470215e-01
9.141613841056823730e-01
9.140636920928955078e-01
9.139741659164428711e-01
9.138768911361694336e-01
9.137851595878601074e-01
9.136988520622253418e-01
9.136161208152770996e-01
9.135361313819885254e-01
9.134651422500610352e-01
9.133896231651306152e-01
9.132938385009765625e-01
9.131903648376464844e-01
9.130978584289550781e-01
9.129974246025085449e-01
9.129326939582824707e-01
9.128513336181640625e-01
9.127559661865234375e-01
9.126492738723754883e-01
9.125580787658691406e-01
9.124866127967834473e-01
9.123899936676025391e-01
9.122986197471618652e-01
9.122067689895629883e-01
9.121269583702087402e-01
9.120289087295532227e-01
9.119336009025573730e-01
9.118421673774719238e-01
9.117527604103088379e-01
9.116573333740234375e-01
9.115641117095947266e-01
9.114608168601989746e-01
9.113699793815612793e-01
9.112773537635803223e-01
9.111857414245605469e-01
9.110986590385437012e-01
9.110127091407775879e-01
9.109312295913696289e-01
9.108390808105468750e-01
9.107471704483032227e-01
9.106506705284118652e-01
9.105561375617980957e-01
9.104623794555664062e-01
9.103721976280212402e-01
9.102955460548400879e-01
9.102184772491455078e-01
9.101261496543884277e-01
9.100304841995239258e-01
9.099311232566833496e-01
9.098365306854248047e-01
9.097481369972229004e-01
9.096712470054626465e-01
9.095807671546936035e-01
9.094610810279846191e-01
9.093474149703979492e-01
9.092511534690856934e-01
9.091591238975524902e-01
9.090611338615417480e-01
9.089698195457458496e-01
9.088810086250305176e-01
9.087877869606018066e-01
9.086856842041015625e-01
9.085826277732849121e-01
9.084647297859191895e-01
9.083738923072814941e-01
9.082893133163452148e-01
9.082065224647521973e-01
9.081037640571594238e-01
9.079873561859130859e-01
9.078804850578308105e-01
9.077814221382141113e-01
9.077026844024658203e-01
9.076337218284606934e-01
9.075812697410583496e-01
9.074942469596862793e-01
9.073465466499328613e-01
9.072184562683105469e-01
9.071400165557861328e-01
9.070730805397033691e-01
9.069923162460327148e-01
9.068806171417236328e-01
9.067620038986206055e-01
9.066698551177978516e-01
9.065887928009033203e-01
9.065193533897399902e-01
9.064475893974304199e-01
9.063535928726196289e-01
9.062382578849792480e-01
9.061558842658996582e-01
9.060838222503662109e-01
9.060109853744506836e-01
9.059320688247680664e-01
9.058384299278259277e-01
9.057400822639465332e-01
9.056594371795654297e-01
9.055851101875305176e-01
9.055072069168090820e-01
9.054163098335266113e-01
9.053283333778381348e-01
9.052436351776123047e-01
9.051565527915954590e-01
9.050695300102233887e-01
9.049738645553588867e-01
9.048798084259033203e-01
9.047904014587402344e-01
9.046952128410339355e-01
9.046051502227783203e-01
9.045175313949584961e-01
9.044183492660522461e-01
9.043246507644653320e-01
9.042115807533264160e-01
9.040949940681457520e-01
9.039697051048278809e-01
9.038500189781188965e-01
9.037479758262634277e-01
9.036535024642944336e-01
9.035828113555908203e-01
9.035448431968688965e-01
9.035281538963317871e-01
9.034495949745178223e-01
9.033160805702209473e-01
9.031537771224975586e-01
9.030576944351196289e-01
9.030315876007080078e-01
9.030010700225830078e-01
9.029145240783691406e-01
9.027770161628723145e-01
9.026381373405456543e-01
9.025763273239135742e-01
9.025546908378601074e-01
9.025034904479980469e-01
9.023751616477966309e-01
9.022526741027832031e-01
9.021939039230346680e-01
9.021661281585693359e-01
9.020861387252807617e-01
9.019864797592163086e-01
9.018881916999816895e-01
9.018320441246032715e-01
9.017947912216186523e-01
9.017232656478881836e-01
9.016290903091430664e-01
9.015631675720214844e-01
9.015136957168579102e-01
9.014635086059570312e-01
9.013760089874267578e-01
9.012905955314636230e-01
9.012243747711181641e-01
9.011712074279785156e-01
9.010963439941406250e-01
9.010182023048400879e-01
9.009348154067993164e-01
9.008694887161254883e-01
9.008207917213439941e-01
9.007718563079833984e-01
9.006955623626708984e-01
9.006220102310180664e-01
9.005588293075561523e-01
9.005070328712463379e-01
9.004675149917602539e-01
9.004119634628295898e-01
9.003391861915588379e-01
9.002680778503417969e-01
9.002059698104858398e-01
9.001584649085998535e-01
9.001227617263793945e-01
9.000746011734008789e-01
9.000093936920166016e-01
8.999488353729248047e-01
8.998820781707763672e-01
8.998194336891174316e-01
8.997682929039001465e-01
8.997107744216918945e-01
8.996497392654418945e-01
8.995954990386962891e-01
8.995451331138610840e-01
8.994910120964050293e-01
8.994342088699340820e-01
8.993826508522033691e-01
8.993308544158935547e-01
8.992736935615539551e-01
8.992205262184143066e-01
8.991688489913940430e-01
8.991132974624633789e-01
8.990550041198730469e-01
8.989990949630737305e-01
8.989450931549072266e-01
8.988895416259765625e-01
8.988327980041503906e-01
8.987802267074584961e-01
8.987248539924621582e-01
8.986748456954956055e-01
8.986215591430664062e-01
8.985762596130371094e-01
8.985245227813720703e-01
8.984621167182922363e-01
8.983960151672363281e-01
8.983079791069030762e-01
8.982148766517639160e-01
8.981206417083740234e-01
8.980351090431213379e-01
8.979532718658447266e-01
8.979058265686035156e-01
8.978714942932128906e-01
8.978017568588256836e-01
8.976843953132629395e-01
8.975635170936584473e-01
8.974837064743041992e-01
8.974229693412780762e-01
8.973858952522277832e-01
8.973591327667236328e-01
8.972970247268676758e-01
8.971798419952392578e-01
8.970604538917541504e-01
8.969936370849609375e-01
8.969523906707763672e-01
8.969487547874450684e-01
8.970057368278503418e-01
8.969305753707885742e-01
8.967952728271484375e-01
8.966237306594848633e-01
8.965512514114379883e-01
8.965421915054321289e-01
8.965106010437011719e-01
8.964416384696960449e-01
8.963186740875244141e-01
8.962366580963134766e-01
8.961955904960632324e-01
8.961658477783203125e-01
8.961414694786071777e-01
8.960289359092712402e-01
8.959419727325439453e-01
8.958777785301208496e-01
8.958238363265991211e-01
8.957856893539428711e-01
8.957243561744689941e-01
8.956562876701354980e-01
8.955814838409423828e-01
8.955195546150207520e-01
8.954661488533020020e-01
8.954052329063415527e-01
8.953460454940795898e-01
8.952958583831787109e-01
8.952416777610778809e-01
8.951705098152160645e-01
8.950980305671691895e-01
8.950510621070861816e-01
8.949820995330810547e-01
8.949091434478759766e-01
8.948729038238525391e-01
8.948048949241638184e-01
8.947192430496215820e-01
8.946585655212402344e-01
8.946005105972290039e-01
8.945156931877136230e-01
8.944564461708068848e-01
8.943846225738525391e-01
8.943141102790832520e-01
8.942472338676452637e-01
8.941947817802429199e-01
8.941437602043151855e-01
8.940833806991577148e-01
8.940615057945251465e-01
8.940291404724121094e-01
8.940159082412719727e-01
8.938755989074707031e-01
8.937564492225646973e-01
8.936402797698974609e-01
8.935615420341491699e-01
8.935025334358215332e-01
8.934996128082275391e-01
8.935058712959289551e-01
8.933965563774108887e-01
8.932950496673583984e-01
8.932038545608520508e-01
8.931308984756469727e-01
8.930726051330566406e-01
8.930600881576538086e-01
8.929963111877441406e-01
8.929457664489746094e-01
8.928772807121276855e-01
8.927558064460754395e-01
8.926715254783630371e-01
8.926155567169189453e-01
8.925802707672119141e-01
8.925431370735168457e-01
8.924963474273681641e-01
8.924068808555603027e-01
8.923193216323852539e-01
8.922522664070129395e-01
8.922263383865356445e-01
8.921726346015930176e-01
8.921126127243041992e-01
8.920308351516723633e-01
8.919682502746582031e-01
8.919202089309692383e-01
8.918955326080322266e-01
8.918271660804748535e-01
8.917491436004638672e-01
8.916740417480468750e-01
