1.031820297241210938e+00
1.029114603996276855e+00
1.026566624641418457e+00
1.024166703224182129e+00
1.021911025047302246e+00
1.019812703132629395e+00
1.017865061759948730e+00
1.016052246093750000e+00
1.014370918273925781e+00
1.012815952301025391e+00
1.011382937431335449e+00
1.010062336921691895e+00
1.008888363838195801e+00
1.007846951484680176e+00
1.006906986236572266e+00
1.006046891212463379e+00
1.005261898040771484e+00
1.004560470581054688e+00
1.003938913345336914e+00
1.003387451171875000e+00
1.002890706062316895e+00
1.002440214157104492e+00
1.002032279968261719e+00
1.001663208007812500e+00
1.001329541206359863e+00
1.001029610633850098e+00
1.000761389732360840e+00
1.000523447990417480e+00
1.000310420989990234e+00
1.000119686126708984e+00
9.999499320983886719e-01
9.997980594635009766e-01
9.996591806411743164e-01
9.995317459106445312e-01
9.994141459465026855e-01
9.993065595626831055e-01
9.992071986198425293e-01
9.991125464439392090e-01
9.990183711051940918e-01
9.989233613014221191e-01
9.988264441490173340e-01
9.987272024154663086e-01
9.986246824264526367e-01
9.985184669494628906e-01
9.984095096588134766e-01
9.982991218566894531e-01
9.981872439384460449e-01
9.980761408805847168e-01
9.979645013809204102e-01
9.978495240211486816e-01
9.977318644523620605e-01
9.976108670234680176e-01
9.974892139434814453e-01
9.973664879798889160e-01
9.972438216209411621e-01
9.971207976341247559e-01
9.969947934150695801e-01
9.968664646148681641e-01
9.967358112335205078e-01
9.966025352478027344e-01
9.964662790298461914e-01
9.963269233703613281e-01
9.961837530136108398e-01
9.960371255874633789e-01
9.958871006965637207e-01
9.957342147827148438e-01
9.955778121948242188e-01
9.954163432121276855e-01
9.952487349510192871e-01
9.950748682022094727e-01
9.948951601982116699e-01
9.947104454040527344e-01
9.945206642150878906e-01
9.943266510963439941e-01
9.941285848617553711e-01
9.939249753952026367e-01
9.937168359756469727e-01
9.935041069984436035e-01
9.932860136032104492e-01
9.930623769760131836e-01
9.928323030471801758e-01
9.925958514213562012e-01
9.923527836799621582e-01
9.921026229858398438e-01
9.918445944786071777e-01
9.915807247161865234e-01
9.913132190704345703e-01
9.910426139831542969e-01
9.907683730125427246e-01
9.904904365539550781e-01
9.902076721191406250e-01
9.899188876152038574e-01
9.896266460418701172e-01
9.893308877944946289e-01
9.890344142913818359e-01
9.887391924858093262e-01
9.884457588195800781e-01
9.881492257118225098e-01
9.878513216972351074e-01
9.875547885894775391e-01
9.872612357139587402e-01
9.869724512100219727e-01
9.866873621940612793e-01
9.864013791084289551e-01
9.861180186271667480e-01
9.858394861221313477e-01
9.855652451515197754e-01
9.852991104125976562e-01
9.850392937660217285e-01
9.847858548164367676e-01
9.845373630523681641e-01
9.842954874038696289e-01
9.840618371963500977e-01
9.838361740112304688e-01
9.836206436157226562e-01
9.834151864051818848e-01
9.832186698913574219e-01
9.830290079116821289e-01
9.828431010246276855e-01
9.826601147651672363e-01
9.824810624122619629e-01
9.823105931282043457e-01
9.821488261222839355e-01
9.819971919059753418e-01
9.818505048751831055e-01
9.817066192626953125e-01
9.815652966499328613e-01
9.814259409904479980e-01
9.812864661216735840e-01
9.811455607414245605e-01
9.810050129890441895e-01
9.808652400970458984e-01
9.807260632514953613e-01
9.805876612663269043e-01
9.804507493972778320e-01
9.803155064582824707e-01
9.801824092864990234e-01
9.800499677658081055e-01
9.799199700355529785e-01
9.797924160957336426e-01
9.796670675277709961e-01
9.795442223548889160e-01
9.794230461120605469e-01
9.793059825897216797e-01
9.791904687881469727e-01
9.790767431259155273e-01
9.789645671844482422e-01
9.788520932197570801e-01
9.787384271621704102e-01
9.786239862442016602e-01
9.785095453262329102e-01
9.783945679664611816e-01
9.782786369323730469e-01
9.781625270843505859e-01
9.780471324920654297e-01
9.779335856437683105e-01
9.778217077255249023e-01
9.777103066444396973e-01
9.775988459587097168e-01
9.774878025054931641e-01
9.773785471916198730e-01
9.772711992263793945e-01
9.771647453308105469e-01
9.770588278770446777e-01
9.769527316093444824e-01
9.768472909927368164e-01
9.767415523529052734e-01
9.766368269920349121e-01
9.765326976776123047e-01
9.764294028282165527e-01
9.763259887695312500e-01
9.762231111526489258e-01
9.761213064193725586e-01
9.760202765464782715e-01
9.759198427200317383e-01
9.758198857307434082e-01
9.757204055786132812e-01
9.756204485893249512e-01
9.755216836929321289e-01
9.754221439361572266e-01
9.753211736679077148e-01
9.752188920974731445e-01
9.751157164573669434e-01
9.750106334686279297e-01
9.749049544334411621e-01
9.747985005378723145e-01
9.746905565261840820e-01
9.745804071426391602e-01
9.744691252708435059e-01
9.743554592132568359e-01
9.742389917373657227e-01
9.741213321685791016e-01
9.740020036697387695e-01
9.738803505897521973e-01
9.737558364868164062e-01
9.736303687095642090e-01
9.735034108161926270e-01
9.733740091323852539e-01
9.732409119606018066e-01
9.731035828590393066e-01
9.729622602462768555e-01
9.728167653083801270e-01
9.726662039756774902e-01
9.725120663642883301e-01
9.723539352416992188e-01
9.721920490264892578e-01
9.720262289047241211e-01
9.718577861785888672e-01
9.716882705688476562e-01
9.715185165405273438e-01
9.713456630706787109e-01
9.711716771125793457e-01
9.709987640380859375e-01
9.708236455917358398e-01
9.706473946571350098e-01
9.704712629318237305e-01
9.702958464622497559e-01
9.701197147369384766e-01
9.699425101280212402e-01
9.697650074958801270e-01
9.695861339569091797e-01
9.694057703018188477e-01
9.692239761352539062e-01
9.690390229225158691e-01
9.688526988029479980e-01
9.686635136604309082e-01
9.684706926345825195e-01
9.682766199111938477e-01
9.680809378623962402e-01
9.678833484649658203e-01
9.676854014396667480e-01
9.674854278564453125e-01
9.672842025756835938e-01
9.670823812484741211e-01
9.668794274330139160e-01
9.666755199432373047e-01
9.664696455001831055e-01
9.662612080574035645e-01
9.660500288009643555e-01
9.658378958702087402e-01
9.656249880790710449e-01
9.654111266136169434e-01
9.651948809623718262e-01
9.649755954742431641e-01
9.647564888000488281e-01
9.645356535911560059e-01
9.643148183822631836e-01
9.640921354293823242e-01
9.638670682907104492e-01
9.636403918266296387e-01
9.634128212928771973e-01
9.631822705268859863e-01
9.629511833190917969e-01
9.627187848091125488e-01
9.624856114387512207e-01
9.622521400451660156e-01
9.620211720466613770e-01
9.617915153503417969e-01
9.615597128868103027e-01
9.613260030746459961e-01
9.610902667045593262e-01
9.608547687530517578e-01
9.606180787086486816e-01
9.603807330131530762e-01
9.601416587829589844e-01
9.599019885063171387e-01
9.596631526947021484e-01
9.594262242317199707e-01
9.591898322105407715e-01
9.589529633522033691e-01
9.587165713310241699e-01
9.584819674491882324e-01
9.582481980323791504e-01
9.580135941505432129e-01
9.577766060829162598e-01
9.575362801551818848e-01
9.572958946228027344e-01
9.570586085319519043e-01
9.568225145339965820e-01
9.565885066986083984e-01
9.563550353050231934e-01
9.561198949813842773e-01
9.558848738670349121e-01
9.556496143341064453e-01
9.554151296615600586e-01
9.551811814308166504e-01
9.549488425254821777e-01
9.547185897827148438e-01
9.544909000396728516e-01
9.542651176452636719e-01
9.540415406227111816e-01
9.538198709487915039e-01
9.535997509956359863e-01
9.533805847167968750e-01
9.531646370887756348e-01
9.529550075531005859e-01
9.527468681335449219e-01
9.525399208068847656e-01
9.523364305496215820e-01
9.521325230598449707e-01
9.519303441047668457e-01
9.517305493354797363e-01
9.515329599380493164e-01
9.513356089591979980e-01
9.511434435844421387e-01
9.509513974189758301e-01
9.507662653923034668e-01
9.505822062492370605e-01
9.504023790359497070e-01
9.502233862876892090e-01
9.500472545623779297e-01
9.498702883720397949e-01
9.496950507164001465e-01
9.495164752006530762e-01
9.493388533592224121e-01
9.491601586341857910e-01
9.489855170249938965e-01
9.488130807876586914e-01
9.486432671546936035e-01
9.484763145446777344e-01
9.483098387718200684e-01
9.481481909751892090e-01
9.479873180389404297e-01
9.478281140327453613e-01
9.476715326309204102e-01
9.475141167640686035e-01
9.473599791526794434e-01
9.472059607505798340e-01
9.470541477203369141e-01
9.469037652015686035e-01
9.467545747756958008e-01
9.466072320938110352e-01
9.464604854583740234e-01
9.463168382644653320e-01
9.461764693260192871e-01
9.460386633872985840e-01
9.459035992622375488e-01
9.457699060440063477e-01
9.456372261047363281e-01
9.455051422119140625e-01
9.453725218772888184e-01
9.452432394027709961e-01
9.451164007186889648e-01
9.449918270111083984e-01
9.448684453964233398e-01
9.447464346885681152e-01
9.446253180503845215e-01
9.445028901100158691e-01
9.443803429603576660e-01
9.442592859268188477e-01
9.441403150558471680e-01
9.440215826034545898e-01
9.439032673835754395e-01
9.437859654426574707e-01
9.436691403388977051e-01
9.435520172119140625e-01
9.434348940849304199e-01
9.433175921440124512e-01
9.432007670402526855e-01
9.430817961692810059e-01
9.429593682289123535e-01
9.428342580795288086e-01
9.427075386047363281e-01
9.425816535949707031e-01
9.424552917480468750e-01
9.423281550407409668e-01
9.421969056129455566e-01
9.420679807662963867e-01
9.419611692428588867e-01
9.418246746063232422e-01
9.416698217391967773e-01
9.415159821510314941e-01
9.413769841194152832e-01
9.412421584129333496e-01
9.411007165908813477e-01
9.409551620483398438e-01
9.408131837844848633e-01
9.406723380088806152e-01
9.405317902565002441e-01
9.404100179672241211e-01
9.403483867645263672e-01
9.402539134025573730e-01
9.399793744087219238e-01
9.399282336235046387e-01
9.398130178451538086e-01
9.396100044250488281e-01
9.395548105239868164e-01
9.394195675849914551e-01
9.392551779747009277e-01
9.392061829566955566e-01
9.390320777893066406e-01
9.389148354530334473e-01
9.388377666473388672e-01
9.386792182922363281e-01
9.385971426963806152e-01
9.384750127792358398e-01
9.383457303047180176e-01
9.382560849189758301e-01
9.381212592124938965e-01
9.380303621292114258e-01
9.379146695137023926e-01
9.378035068511962891e-01
9.377098083496093750e-01
9.375804662704467773e-01
9.374920725822448730e-01
9.373718500137329102e-01
9.372678995132446289e-01
9.371659159660339355e-01
9.370481371879577637e-01
9.369492530822753906e-01
9.368367195129394531e-01
9.367335438728332520e-01
9.366262555122375488e-01
9.365164637565612793e-01
9.364149570465087891e-01
9.363052248954772949e-01
9.362040162086486816e-01
9.360999464988708496e-01
9.359928369522094727e-01
9.358938932418823242e-01
9.357880353927612305e-01
9.356794953346252441e-01
9.355733990669250488e-01
9.354718327522277832e-01
9.353672862052917480e-01
9.352566003799438477e-01
9.351467490196228027e-01
9.350415468215942383e-01
9.349371790885925293e-01
9.348292946815490723e-01
9.347169399261474609e-01
9.346114993095397949e-01
9.345138072967529297e-01
9.344059228897094727e-01
9.342913031578063965e-01
9.341722726821899414e-01
9.340595006942749023e-01
9.339491724967956543e-01
9.338409900665283203e-01
9.337373375892639160e-01
9.336347579956054688e-01
9.335325956344604492e-01
9.334222078323364258e-01
9.333103299140930176e-01
9.332027435302734375e-01
9.330968856811523438e-01
9.329944849014282227e-01
9.328958392143249512e-01
9.327995777130126953e-01
9.326828122138977051e-01
9.325646758079528809e-01
9.324541687965393066e-01
9.323468804359436035e-01
9.322456121444702148e-01
9.321495890617370605e-01
9.320605993270874023e-01
9.319923520088195801e-01
9.319201707839965820e-01
9.317827224731445312e-01
9.316607713699340820e-01
9.315686225891113281e-01
9.314896464347839355e-01
9.313953518867492676e-01
9.312853217124938965e-01
9.311707615852355957e-01
9.310718178749084473e-01
9.309632182121276855e-01
9.308649301528930664e-01
9.307638406753540039e-01
9.306710362434387207e-01
9.305745959281921387e-01
9.304909706115722656e-01
9.303940534591674805e-01
9.303163886070251465e-01
9.302306175231933594e-01
9.301223158836364746e-01
9.299963712692260742e-01
9.299128651618957520e-01
9.298602938652038574e-01
9.297860860824584961e-01
9.296766519546508789e-01
9.295597672462463379e-01
9.294756650924682617e-01
9.294053316116333008e-01
9.293307065963745117e-01
9.292339682579040527e-01
9.291445016860961914e-01
9.290617704391479492e-01
9.289729595184326172e-01
9.288988113403320312e-01
9.288252592086791992e-01
9.287551641464233398e-01
9.286617636680603027e-01
9.285773634910583496e-01
9.284783601760864258e-01
9.283921718597412109e-01
9.283066391944885254e-01
9.282286763191223145e-01
9.281494617462158203e-01
9.280737638473510742e-01
9.280150532722473145e-01
9.279672503471374512e-01
9.278714656829833984e-01
9.277545213699340820e-01
9.276519417762756348e-01
9.275602698326110840e-01
9.274877309799194336e-01
9.274213314056396484e-01
9.273548722267150879e-01
9.272819161415100098e-01
9.271971583366394043e-01
9.270964860916137695e-01
9.270046949386596680e-01
9.269230961799621582e-01
9.268546104431152344e-01
9.267791509628295898e-01
9.267004728317260742e-01
9.266144037246704102e-01
9.265283942222595215e-01
9.264435768127441406e-01
9.263591766357421875e-01
9.262775182723999023e-01
9.261938929557800293e-01
9.261119365692138672e-01
9.260303378105163574e-01
9.259535074234008789e-01
9.258823990821838379e-01
9.258115887641906738e-01
9.257371425628662109e-01
9.256570339202880859e-01
9.255737066268920898e-01
9.254996776580810547e-01
9.254304170608520508e-01
9.253589510917663574e-01
9.252830147743225098e-01
9.252225756645202637e-01
9.251738190650939941e-01
9.251502156257629395e-01
9.251045584678649902e-01
9.250684380531311035e-01
9.249142408370971680e-01
9.248024225234985352e-01
9.247514009475708008e-01
9.247028827667236328e-01
9.246340394020080566e-01
9.245333671569824219e-01
9.244556427001953125e-01
9.243947267532348633e-01
9.243329763412475586e-01
9.242702126502990723e-01
9.241887927055358887e-01
9.240933656692504883e-01
9.240177869796752930e-01
9.239621162414550781e-01
9.238989353179931641e-01
9.238174557685852051e-01
9.237246513366699219e-01
9.236348867416381836e-01
9.235578775405883789e-01
9.235038161277770996e-01
9.234568476676940918e-01
9.234281182289123535e-01
9.233365654945373535e-01
9.232422709465026855e-01
9.231311678886413574e-01
9.230513572692871094e-01
9.230054020881652832e-01
9.229525923728942871e-01
9.228773117065429688e-01
9.227769374847412109e-01
9.227077960968017578e-01
9.226719141006469727e-01
9.226018786430358887e-01
9.225187301635742188e-01
9.224123358726501465e-01
9.223322272300720215e-01
9.222871661186218262e-01
9.222264885902404785e-01
9.221613407135009766e-01
9.220547676086425781e-01
9.219575524330139160e-01
9.218818545341491699e-01
9.218151569366455078e-01
9.217610359191894531e-01
9.216889739036560059e-01
9.216181635856628418e-01
9.215143918991088867e-01
9.214206337928771973e-01
9.213308095932006836e-01
9.212574958801269531e-01
9.211999773979187012e-01
9.211308956146240234e-01
9.210959076881408691e-01
9.210321307182312012e-01
9.209824204444885254e-01
9.208500385284423828e-01
9.207125902175903320e-01
9.205949306488037109e-01
9.205127954483032227e-01
9.204580187797546387e-01
9.204058051109313965e-01
9.203377366065979004e-01
9.202473759651184082e-01
9.201514124870300293e-01
9.200389385223388672e-01
9.199449419975280762e-01
9.198452830314636230e-01
9.197583198547363281e-01
9.196971058845520020e-01
9.197540283203125000e-01
9.200793504714965820e-01
9.200961589813232422e-01
9.195142388343811035e-01
9.192943572998046875e-01
9.195060133934020996e-01
9.194920063018798828e-01
9.191890358924865723e-01
9.190225601196289062e-01
9.191601872444152832e-01
9.191325306892395020e-01
9.187735915184020996e-01
9.187791347503662109e-01
9.189171195030212402e-01
9.186090826988220215e-01
9.184484481811523438e-01
9.185748100280761719e-01
9.184237122535705566e-01
9.182021021842956543e-01
9.181907773017883301e-01
9.182507395744323730e-01
9.181159138679504395e-01
9.179283380508422852e-01
9.178630113601684570e-01
9.179032444953918457e-01
9.179401993751525879e-01
9.177291393280029297e-01
9.175957441329956055e-01
9.175017476081848145e-01
9.174417853355407715e-01
9.174144268035888672e-01
9.175128936767578125e-01
9.175225496292114258e-01
9.171978831291198730e-01
9.170988798141479492e-01
9.171714782714843750e-01
9.172831773757934570e-01
9.169986248016357422e-01
9.168357849121093750e-01
9.167650938034057617e-01
9.167130589485168457e-01
9.167600870132446289e-01
9.167747497558593750e-01
9.166020750999450684e-01
9.164989590644836426e-01
9.164925217628479004e-01
9.164813756942749023e-01
9.164252281188964844e-01
9.162916541099548340e-01
9.162137508392333984e-01
9.161569476127624512e-01
9.161418080329895020e-01
9.160473942756652832e-01
9.159881472587585449e-01
9.159176945686340332e-01
9.159118533134460449e-01
9.158133864402770996e-01
9.157612323760986328e-01
9.156641960144042969e-01
9.155958294868469238e-01
9.155335426330566406e-01
9.155274033546447754e-01
9.154534339904785156e-01
9.153501987457275391e-01
9.152731299400329590e-01
9.152664542198181152e-01
9.152147173881530762e-01
9.151303172111511230e-01
9.150531291961669922e-01
9.150146842002868652e-01
9.149740338325500488e-01
9.149211049079895020e-01
9.148295521736145020e-01
9.147767424583435059e-01
9.147341847419738770e-01
9.147144556045532227e-01
9.145838022232055664e-01
9.145036935806274414e-01
9.144098758697509766e-01
9.143508076667785645e-01
9.143213033676147461e-01
9.144569635391235352e-01
9.143424034118652344e-01
9.141976833343505859e-01
9.141780734062194824e-01
9.140359163284301758e-01
9.139863252639770508e-01
9.139474630355834961e-01
9.139300584793090820e-01
9.138935208320617676e-01
9.138647317886352539e-01
9.137015938758850098e-01
9.135898351669311523e-01
9.135474562644958496e-01
9.135167598724365234e-01
9.136771559715270996e-01
9.135676026344299316e-01
9.133531451225280762e-01
9.132922887802124023e-01
9.132701158523559570e-01
9.133507609367370605e-01
9.132106304168701172e-01
9.130887985229492188e-01
9.129984974861145020e-01
9.129341244697570801e-01
9.129536151885986328e-01
9.128696918487548828e-01
9.128025174140930176e-01
9.127492308616638184e-01
9.127472639083862305e-01
9.125682711601257324e-01
9.125261902809143066e-01
9.124896526336669922e-01
9.125064611434936523e-01
9.124191999435424805e-01
9.123535752296447754e-01
9.122664332389831543e-01
9.122139215469360352e-01
9.121521115303039551e-01
9.121592640876770020e-01
9.121121168136596680e-01
9.120039343833923340e-01
9.119407534599304199e-01
9.119392037391662598e-01
9.119296073913574219e-01
9.118731021881103516e-01
9.117884635925292969e-01
9.117159247398376465e-01
9.116664528846740723e-01
9.116777777671813965e-01
9.115937352180480957e-01
9.115407466888427734e-01
9.114679694175720215e-01
9.114389419555664062e-01
9.113512039184570312e-01
9.113373160362243652e-01
9.113053083419799805e-01
9.112462401390075684e-01
9.111743569374084473e-01
9.111974835395812988e-01
9.111299514770507812e-01
9.110817313194274902e-01
9.110027551651000977e-01
9.110804796218872070e-01
9.109392762184143066e-01
9.110035896301269531e-01
9.107669591903686523e-01
9.107133150100708008e-01
9.107187390327453613e-01
9.109882712364196777e-01
9.106259942054748535e-01
9.105220437049865723e-01
9.110861420631408691e-01
9.105218648910522461e-01
9.104334115982055664e-01
9.103145003318786621e-01
9.103574156761169434e-01
9.104674458503723145e-01
9.105865955352783203e-01
9.101675152778625488e-01
9.109539389610290527e-01
9.103150963783264160e-01
9.100240468978881836e-01
9.106592535972595215e-01
9.103502035140991211e-01
9.099616408348083496e-01
9.109619259834289551e-01
9.097715020179748535e-01
9.105150103569030762e-01
9.098444581031799316e-01
9.102808237075805664e-01
9.099493026733398438e-01
9.096664786338806152e-01
9.097086191177368164e-01
9.096977710723876953e-01
9.094855189323425293e-01
9.097217321395874023e-01
9.095250368118286133e-01
9.097841978073120117e-01
9.094706773757934570e-01
9.093340039253234863e-01
9.097445011138916016e-01
9.091563224792480469e-01
9.091814756393432617e-01
9.092375040054321289e-01
9.089570641517639160e-01
9.093365669250488281e-01
9.091122746467590332e-01
9.087625741958618164e-01
9.089304804801940918e-01
9.091245532035827637e-01
9.087021946907043457e-01
9.097284674644470215e-01
9.087375402450561523e-01
9.094831943511962891e-01
9.087447524070739746e-01
9.096328020095825195e-01
9.092590212821960449e-01
9.089732170104980469e-01
9.093229770660400391e-01
9.084732532501220703e-01
9.092695713043212891e-01
9.088619351387023926e-01
9.088309407234191895e-01
9.083470702171325684e-01
9.090899825096130371e-01
9.081883430480957031e-01
9.099228978157043457e-01
9.082546830177307129e-01
9.087693095207214355e-01
9.086919426918029785e-01
9.084503650665283203e-01
9.087386727333068848e-01
9.089364409446716309e-01
9.080232381820678711e-01
9.087437987327575684e-01
9.081438779830932617e-01
9.088190793991088867e-01
9.077785611152648926e-01
9.088255167007446289e-01
9.078447818756103516e-01
9.081318378448486328e-01
9.080393314361572266e-01
9.079120755195617676e-01
9.077915549278259277e-01
9.077773094177246094e-01
9.077954888343811035e-01
9.075119495391845703e-01
9.078058600425720215e-01
9.074273705482482910e-01
9.075338840484619141e-01
9.074596166610717773e-01
9.073135256767272949e-01
9.076529145240783691e-01
9.072335958480834961e-01
9.076413512229919434e-01
9.071392416954040527e-01
9.072448611259460449e-01
9.074379205703735352e-01
9.069719910621643066e-01
9.078345894813537598e-01
9.069311022758483887e-01
9.071519374847412109e-01
9.071919322013854980e-01
9.068253636360168457e-01
9.067544937133789062e-01
9.068502187728881836e-01
9.070026874542236328e-01
9.067611098289489746e-01
9.066148996353149414e-01
9.067020416259765625e-01
9.068208932876586914e-01
9.067209959030151367e-01
9.065140485763549805e-01
9.065590500831604004e-01
9.065979123115539551e-01
9.067696332931518555e-01
9.063681364059448242e-01
9.074402451515197754e-01
9.064853191375732422e-01
9.064553976058959961e-01
9.070916175842285156e-01
9.062840342521667480e-01
9.063090682029724121e-01
9.067412614822387695e-01
9.061956405639648438e-01
9.061358571052551270e-01
9.066321849822998047e-01
9.062449932098388672e-01
9.060801863670349121e-01
9.068424105644226074e-01
9.060437083244323730e-01
9.066797494888305664e-01
9.061393141746520996e-01
9.072219729423522949e-01
9.062506556510925293e-01
9.064368009567260742e-01
9.066379666328430176e-01
9.061173796653747559e-01
9.066894054412841797e-01
9.066017866134643555e-01
9.059599041938781738e-01
9.059683084487915039e-01
9.062041044235229492e-01
9.057703018188476562e-01
9.058653116226196289e-01
9.059034585952758789e-01
9.057264328002929688e-01
9.060571193695068359e-01
9.056809544563293457e-01
9.061872959136962891e-01
9.057708382606506348e-01
9.065358042716979980e-01
9.058992862701416016e-01
9.058767557144165039e-01
9.063869118690490723e-01
9.055579304695129395e-01
9.065825343132019043e-01
9.065976142883300781e-01
9.059159159660339355e-01
9.064293503761291504e-01
9.059873223304748535e-01
9.068393707275390625e-01
9.056052565574645996e-01
9.073714017868041992e-01
9.054430127143859863e-01
9.060347080230712891e-01
9.054950475692749023e-01
9.057893753051757812e-01
9.053163528442382812e-01
9.054505825042724609e-01
9.052866697311401367e-01
9.051446318626403809e-01
9.052038788795471191e-01
9.053778052330017090e-01
9.050576090812683105e-01
9.054262042045593262e-01
9.052720665931701660e-01
9.054086208343505859e-01
9.049791693687438965e-01
9.051024913787841797e-01
9.053975343704223633e-01
9.048706889152526855e-01
9.055868983268737793e-01
9.053078889846801758e-01
9.051629900932312012e-01
9.047704339027404785e-01
9.054437279701232910e-01
9.047539234161376953e-01
9.060359001159667969e-01
9.046102166175842285e-01
9.054889082908630371e-01
9.048558473587036133e-01
9.055556058883666992e-01
9.045616388320922852e-01
9.055407047271728516e-01
9.048392772674560547e-01
9.055376052856445312e-01
9.044302701950073242e-01
9.053231477737426758e-01
9.047188162803649902e-01
9.053033590316772461e-01
9.044537544250488281e-01
9.053179621696472168e-01
9.049645066261291504e-01
9.046793580055236816e-01
9.044438004493713379e-01
9.048601388931274414e-01
9.046469926834106445e-01
9.047026634216308594e-01
9.043051600456237793e-01
9.048806428909301758e-01
9.047336578369140625e-01
9.042759537696838379e-01
9.043217301368713379e-01
9.045034050941467285e-01
9.043109416961669922e-01
9.045475721359252930e-01
9.039968252182006836e-01
9.045650362968444824e-01
9.043384194374084473e-01
9.041949510574340820e-01
9.039010405540466309e-01
9.043296575546264648e-01
9.039835333824157715e-01
9.044877886772155762e-01
9.037562012672424316e-01
9.040628075599670410e-01
9.037712812423706055e-01
9.037085175514221191e-01
9.037784934043884277e-01
9.036618471145629883e-01
9.036781787872314453e-01
9.036734104156494141e-01
9.036893248558044434e-01
9.035635590553283691e-01
9.036191105842590332e-01
9.038494229316711426e-01
9.035873413085937500e-01
9.042150378227233887e-01
9.034457206726074219e-01
9.039489626884460449e-01
9.034557938575744629e-01
9.044353365898132324e-01
9.034253358840942383e-01
9.037264585494995117e-01
9.035579562187194824e-01
9.033487439155578613e-01
9.036318063735961914e-01
9.034863114356994629e-01
9.036229252815246582e-01
