1.043209433555603027e+00
1.040437459945678711e+00
1.037873625755310059e+00
1.035496950149536133e+00
1.033263206481933594e+00
1.031224608421325684e+00
1.029367089271545410e+00
1.027657151222229004e+00
1.026065707206726074e+00
1.024569511413574219e+00
1.023163318634033203e+00
1.021843314170837402e+00
1.020605564117431641e+00
1.019446253776550293e+00
1.018361330032348633e+00
1.017346978187561035e+00
1.016399383544921875e+00
1.015514850616455078e+00
1.014688968658447266e+00
1.013920307159423828e+00
1.013206362724304199e+00
1.012544751167297363e+00
1.011946082115173340e+00
1.011391639709472656e+00
1.010862827301025391e+00
1.010357856750488281e+00
1.009876728057861328e+00
1.009410262107849121e+00
1.008932471275329590e+00
1.008462548255920410e+00
1.007998704910278320e+00
1.007542610168457031e+00
1.007096171379089355e+00
1.006660580635070801e+00
1.006237149238586426e+00
1.005827069282531738e+00
1.005433201789855957e+00
1.005059599876403809e+00
1.004703760147094727e+00
1.004360437393188477e+00
1.004025816917419434e+00
1.003696799278259277e+00
1.003370285034179688e+00
1.003069758415222168e+00
1.002792000770568848e+00
1.002526640892028809e+00
1.002270936965942383e+00
1.002025246620178223e+00
1.001790165901184082e+00
1.001565456390380859e+00
1.001350522041320801e+00
1.001145243644714355e+00
1.000949501991271973e+00
1.000762224197387695e+00
1.000584721565246582e+00
1.000416398048400879e+00
1.000255703926086426e+00
1.000102162361145020e+00
9.999529719352722168e-01
9.998100399971008301e-01
9.996736049652099609e-01
9.995415806770324707e-01
9.994131922721862793e-01
9.992889761924743652e-01
9.991667270660400391e-01
9.990449547767639160e-01
9.989233613014221191e-01
9.988014101982116699e-01
9.986782073974609375e-01
9.985548853874206543e-01
9.984300732612609863e-01
9.983056783676147461e-01
9.981809854507446289e-01
9.980535507202148438e-01
9.979221820831298828e-01
9.977872371673583984e-01
9.976456761360168457e-01
9.975020885467529297e-01
9.973593950271606445e-01
9.972159266471862793e-01
9.970712065696716309e-01
9.969217777252197266e-01
9.967656731605529785e-01
9.966006875038146973e-01
9.964354038238525391e-01
9.962680339813232422e-01
9.960935711860656738e-01
9.959154725074768066e-01
9.957306981086730957e-01
9.955415725708007812e-01
9.953522086143493652e-01
9.951565861701965332e-01
9.949527978897094727e-01
9.947379827499389648e-01
9.945095181465148926e-01
9.942677617073059082e-01
9.940092563629150391e-01
9.937341809272766113e-01
9.934448599815368652e-01
9.931483268737792969e-01
9.928458929061889648e-01
9.925356507301330566e-01
9.922323822975158691e-01
9.919419884681701660e-01
9.916533827781677246e-01
9.913531541824340820e-01
9.910389780998229980e-01
9.907135963439941406e-01
9.903820753097534180e-01
9.900444149971008301e-01
9.897037148475646973e-01
9.893646836280822754e-01
9.890264868736267090e-01
9.886829257011413574e-01
9.883308410644531250e-01
9.879637956619262695e-01
9.875915646553039551e-01
9.872249960899353027e-01
9.868750572204589844e-01
9.865405559539794922e-01
9.862046837806701660e-01
9.858615994453430176e-01
9.855174422264099121e-01
9.851821660995483398e-01
9.848566055297851562e-01
9.845442175865173340e-01
9.842439293861389160e-01
9.839580655097961426e-01
9.836858510971069336e-01
9.834268689155578613e-01
9.831786751747131348e-01
9.829386472702026367e-01
9.827034473419189453e-01
9.824740290641784668e-01
9.822530746459960938e-01
9.820432066917419434e-01
9.818413853645324707e-01
9.816474914550781250e-01
9.814597964286804199e-01
9.812785387039184570e-01
9.811024069786071777e-01
9.809302687644958496e-01
9.807621836662292480e-01
9.805977344512939453e-01
9.804363846778869629e-01
9.802764654159545898e-01
9.801192879676818848e-01
9.799647927284240723e-01
9.798136949539184570e-01
9.796660542488098145e-01
9.795231819152832031e-01
9.793829321861267090e-01
9.792444705963134766e-01
9.791094660758972168e-01
9.789794087409973145e-01
9.788521528244018555e-01
9.787254333496093750e-01
9.785999059677124023e-01
9.784755110740661621e-01
9.783526062965393066e-01
9.782307147979736328e-01
9.781099557876586914e-01
9.779912233352661133e-01
9.778737425804138184e-01
9.777572751045227051e-01
9.776419401168823242e-01
9.775270223617553711e-01
9.774128198623657227e-01
9.772987365722656250e-01
9.771851301193237305e-01
9.770734310150146484e-01
9.769616127014160156e-01
9.768490791320800781e-01
9.767363071441650391e-01
9.766228199005126953e-01
9.765092134475708008e-01
9.763956665992736816e-01
9.762808084487915039e-01
9.761652350425720215e-01
9.760492444038391113e-01
9.759336113929748535e-01
9.758173227310180664e-01
9.756990075111389160e-01
9.755795598030090332e-01
9.754590988159179688e-01
9.753379821777343750e-01
9.752147793769836426e-01
9.750913381576538086e-01
9.749678373336791992e-01
9.748416543006896973e-01
9.747146964073181152e-01
9.745874404907226562e-01
9.744576811790466309e-01
9.743260145187377930e-01
9.741929173469543457e-01
9.740566611289978027e-01
9.739165306091308594e-01
9.737739562988281250e-01
9.736289978027343750e-01
9.734830856323242188e-01
9.733377695083618164e-01
9.731863141059875488e-01
9.730352163314819336e-01
9.728825688362121582e-01
9.727284312248229980e-01
9.725714325904846191e-01
9.724107384681701660e-01
9.722468256950378418e-01
9.720802903175354004e-01
9.719117879867553711e-01
9.717410802841186523e-01
9.715669155120849609e-01
9.713909029960632324e-01
9.712137579917907715e-01
9.710344076156616211e-01
9.708522558212280273e-01
9.706667661666870117e-01
9.704796671867370605e-01
9.702922701835632324e-01
9.701038002967834473e-01
9.699127078056335449e-01
9.697190523147583008e-01
9.695237874984741211e-01
9.693268537521362305e-01
9.691286087036132812e-01
9.689311385154724121e-01
9.687349200248718262e-01
9.685395359992980957e-01
9.683452844619750977e-01
9.681528210639953613e-01
9.679600596427917480e-01
9.677667021751403809e-01
9.675731658935546875e-01
9.673801660537719727e-01
9.671892523765563965e-01
9.669990539550781250e-01
9.668123126029968262e-01
9.666262269020080566e-01
9.664408564567565918e-01
9.662578105926513672e-01
9.660771489143371582e-01
9.658970832824707031e-01
9.657177925109863281e-01
9.655399322509765625e-01
9.653627872467041016e-01
9.651871323585510254e-01
9.650133252143859863e-01
9.648411273956298828e-01
9.646711349487304688e-01
9.645029902458190918e-01
9.643352627754211426e-01
9.641690850257873535e-01
9.640038013458251953e-01
9.638398885726928711e-01
9.636783003807067871e-01
9.635171294212341309e-01
9.633579254150390625e-01
9.631996750831604004e-01
9.630427360534667969e-01
9.628869295120239258e-01
9.627321958541870117e-01
9.625791907310485840e-01
9.624274373054504395e-01
9.622769951820373535e-01
9.621272683143615723e-01
9.619780182838439941e-01
9.618292450904846191e-01
9.616814851760864258e-01
9.615343213081359863e-01
9.613878130912780762e-01
9.612419605255126953e-01
9.610963463783264160e-01
9.609516859054565430e-01
9.608082771301269531e-01
9.606647491455078125e-01
9.605231881141662598e-01
9.603829383850097656e-01
9.602425098419189453e-01
9.601030349731445312e-01
9.599632024765014648e-01
9.598230123519897461e-01
9.596847295761108398e-01
9.595455527305603027e-01
9.594066739082336426e-01
9.592671990394592285e-01
9.591277837753295898e-01
9.589886665344238281e-01
9.588475227355957031e-01
9.587062001228332520e-01
9.585633277893066406e-01
9.584196805953979492e-01
9.582751989364624023e-01
9.581295847892761230e-01
9.579834342002868652e-01
9.578357934951782227e-01
9.576864242553710938e-01
9.575352072715759277e-01
9.573819637298583984e-01
9.572262763977050781e-01
9.570677280426025391e-01
9.569068551063537598e-01
9.567441940307617188e-01
9.565782546997070312e-01
9.564113616943359375e-01
9.562408924102783203e-01
9.560694694519042969e-01
9.558962583541870117e-01
9.557219743728637695e-01
9.555436372756958008e-01
9.553633332252502441e-01
9.551792740821838379e-01
9.549912810325622559e-01
9.548005461692810059e-01
9.546077847480773926e-01
9.544149041175842285e-01
9.542208909988403320e-01
9.540276527404785156e-01
9.538326859474182129e-01
9.536357522010803223e-01
9.534375071525573730e-01
9.532388448715209961e-01
9.530389308929443359e-01
9.528393149375915527e-01
9.526404738426208496e-01
9.524397850036621094e-01
9.522382020950317383e-01
9.520379900932312012e-01
9.518440961837768555e-01
9.516530632972717285e-01
9.514611959457397461e-01
9.512712359428405762e-01
9.510822892189025879e-01
9.508962631225585938e-01
9.507132768630981445e-01
9.505315423011779785e-01
9.503501057624816895e-01
9.501687884330749512e-01
9.499851465225219727e-01
9.497992992401123047e-01
9.496115446090698242e-01
9.494217634201049805e-01
9.492272734642028809e-01
9.490364193916320801e-01
9.488506317138671875e-01
9.486706852912902832e-01
9.484973549842834473e-01
9.483261108398437500e-01
9.481579661369323730e-01
9.479917883872985840e-01
9.478270411491394043e-01
9.476625323295593262e-01
9.474987983703613281e-01
9.473346471786499023e-01
9.471705555915832520e-01
9.470055699348449707e-01
9.468395113945007324e-01
9.466727375984191895e-01
9.465059041976928711e-01
9.463402032852172852e-01
9.461741447448730469e-01
9.460090398788452148e-01
9.458453059196472168e-01
9.456812143325805664e-01
9.455173015594482422e-01
9.453518390655517578e-01
9.451875090599060059e-01
9.450234174728393555e-01
9.448602795600891113e-01
9.446976184844970703e-01
9.445371031761169434e-01
9.443795680999755859e-01
9.442226886749267578e-01
9.440711140632629395e-01
9.439031481742858887e-01
9.437363147735595703e-01
9.435785412788391113e-01
9.434295892715454102e-01
9.432675242424011230e-01
9.431017637252807617e-01
9.429429173469543457e-01
9.427889585494995117e-01
9.426378607749938965e-01
9.424728155136108398e-01
9.423074126243591309e-01
9.421555399894714355e-01
9.420027732849121094e-01
9.418415427207946777e-01
9.416787028312683105e-01
9.415267705917358398e-01
9.413813948631286621e-01
9.412335157394409180e-01
9.410711526870727539e-01
9.409123659133911133e-01
9.407625794410705566e-01
9.406181573867797852e-01
9.404696822166442871e-01
9.403165578842163086e-01
9.401697516441345215e-01
9.400270581245422363e-01
9.398746490478515625e-01
9.397181868553161621e-01
9.395581483840942383e-01
9.393859505653381348e-01
9.392209649085998535e-01
9.390787482261657715e-01
9.389485716819763184e-01
9.388196468353271484e-01
9.386827349662780762e-01
9.385417699813842773e-01
9.384009838104248047e-01
9.382702112197875977e-01
9.381316304206848145e-01
9.380105137825012207e-01
9.378783106803894043e-01
9.377438426017761230e-01
9.376153945922851562e-01
9.374975562095642090e-01
9.373832345008850098e-01
9.372693896293640137e-01
9.371510148048400879e-01
9.370334744453430176e-01
9.369200468063354492e-01
9.368097186088562012e-01
9.366995692253112793e-01
9.365826249122619629e-01
9.364703297615051270e-01
9.363639354705810547e-01
9.362629055976867676e-01
9.361559748649597168e-01
9.360472559928894043e-01
9.359389543533325195e-01
9.358410835266113281e-01
9.357497096061706543e-01
9.356426000595092773e-01
9.355313181877136230e-01
9.354278445243835449e-01
9.353349208831787109e-01
9.352505207061767578e-01
9.351456165313720703e-01
9.350407719612121582e-01
9.349403977394104004e-01
9.348551034927368164e-01
9.347667098045349121e-01
9.346662759780883789e-01
9.345594644546508789e-01
9.344666600227355957e-01
9.343813657760620117e-01
9.342994689941406250e-01
9.341959357261657715e-01
9.340949058532714844e-01
9.339942336082458496e-01
9.338924288749694824e-01
9.337990283966064453e-01
9.337069988250732422e-01
9.336183667182922363e-01
9.335223436355590820e-01
9.334183931350708008e-01
9.333099126815795898e-01
9.332152605056762695e-01
9.331258535385131836e-01
9.330304265022277832e-01
9.329251646995544434e-01
9.328348040580749512e-01
9.327411055564880371e-01
9.326542615890502930e-01
9.325690865516662598e-01
9.324862360954284668e-01
9.324041008949279785e-01
9.323183298110961914e-01
9.322336912155151367e-01
9.321566224098205566e-01
9.320890307426452637e-01
9.320038557052612305e-01
9.319098591804504395e-01
9.318141341209411621e-01
9.317271709442138672e-01
9.316488504409790039e-01
9.315738081932067871e-01
9.315026998519897461e-01
9.314227104187011719e-01
9.313416481018066406e-01
9.312511682510375977e-01
9.311623573303222656e-01
9.310756325721740723e-01
9.309911131858825684e-01
9.309080839157104492e-01
9.308241605758666992e-01
9.307423830032348633e-01
9.306634068489074707e-01
9.305914044380187988e-01
9.305422902107238770e-01
9.305331110954284668e-01
9.304462671279907227e-01
9.302982091903686523e-01
9.301752448081970215e-01
9.301328659057617188e-01
9.300798773765563965e-01
9.299992918968200684e-01
9.298776388168334961e-01
9.297798275947570801e-01
9.297207593917846680e-01
9.296598434448242188e-01
9.295724630355834961e-01
9.294535517692565918e-01
9.293612241744995117e-01
9.292857050895690918e-01
9.292023777961730957e-01
9.291073083877563477e-01
9.289946556091308594e-01
9.288885593414306641e-01
9.287873506546020508e-01
9.286832809448242188e-01
9.285528063774108887e-01
9.284069538116455078e-01
9.282558560371398926e-01
9.281051754951477051e-01
9.279636144638061523e-01
9.278372526168823242e-01
9.277281165122985840e-01
9.276371598243713379e-01
9.275510907173156738e-01
9.274457693099975586e-01
9.273251891136169434e-01
9.272045493125915527e-01
9.270902276039123535e-01
9.269871711730957031e-01
9.268957972526550293e-01
9.268205165863037109e-01
9.267628788948059082e-01
9.267103672027587891e-01
9.265691637992858887e-01
9.264053106307983398e-01
9.262917041778564453e-01
9.262262582778930664e-01
9.261632561683654785e-01
9.260377883911132812e-01
9.259173870086669922e-01
9.258331060409545898e-01
9.257593154907226562e-01
9.256799221038818359e-01
9.255743026733398438e-01
9.254575371742248535e-01
9.253635406494140625e-01
9.252859950065612793e-01
9.251928925514221191e-01
9.250819683074951172e-01
9.249707460403442383e-01
9.248775243759155273e-01
9.247871637344360352e-01
9.246815443038940430e-01
9.245610833168029785e-01
9.244506359100341797e-01
9.243420958518981934e-01
9.242307543754577637e-01
9.241113662719726562e-01
9.239908456802368164e-01
9.238772392272949219e-01
9.237622022628784180e-01
9.236591458320617676e-01
9.235491156578063965e-01
9.234519600868225098e-01
9.232947230339050293e-01
9.231204390525817871e-01
9.229399561882019043e-01
9.228123426437377930e-01
9.227231740951538086e-01
9.226040244102478027e-01
9.224486947059631348e-01
9.222885370254516602e-01
9.221374988555908203e-01
9.219966530799865723e-01
9.218689203262329102e-01
9.217492341995239258e-01
9.216427206993103027e-01
9.215357303619384766e-01
9.214554429054260254e-01
9.214180707931518555e-01
9.214147329330444336e-01
9.213658571243286133e-01
9.210884571075439453e-01
9.208091497421264648e-01
9.207430481910705566e-01
9.207746982574462891e-01
9.206356406211853027e-01
9.203736186027526855e-01
9.202849268913269043e-01
9.202769994735717773e-01
9.201121926307678223e-01
9.199205040931701660e-01
9.198288917541503906e-01
9.197825193405151367e-01
9.196743369102478027e-01
9.194860458374023438e-01
9.193547368049621582e-01
9.192916154861450195e-01
9.191848039627075195e-01
9.190535545349121094e-01
9.189016819000244141e-01
9.187946915626525879e-01
9.187096953392028809e-01
9.186233282089233398e-01
9.185073375701904297e-01
9.183483123779296875e-01
9.181994795799255371e-01
9.180864095687866211e-01
9.179915189743041992e-01
9.179058670997619629e-01
9.177923202514648438e-01
9.176740646362304688e-01
9.175237417221069336e-01
9.173662662506103516e-01
9.172158837318420410e-01
9.170972108840942383e-01
9.170176982879638672e-01
9.169701933860778809e-01
9.169738888740539551e-01
9.169926643371582031e-01
9.168505668640136719e-01
9.164870381355285645e-01
9.161942005157470703e-01
9.161353111267089844e-01
9.161223173141479492e-01
9.159863591194152832e-01
9.157466888427734375e-01
9.155797958374023438e-01
9.155063629150390625e-01
9.154623746871948242e-01
9.153682589530944824e-01
9.152119755744934082e-01
9.150319099426269531e-01
9.148875474929809570e-01
9.147707819938659668e-01
9.146788716316223145e-01
9.146084189414978027e-01
9.145531654357910156e-01
9.145008325576782227e-01
9.144474267959594727e-01
9.143164157867431641e-01
9.141417145729064941e-01
9.139660596847534180e-01
9.138291478157043457e-01
9.137385487556457520e-01
9.136785268783569336e-01
9.136399626731872559e-01
9.136024117469787598e-01
9.135375022888183594e-01
9.134335517883300781e-01
9.132744073867797852e-01
9.130905270576477051e-01
9.129430651664733887e-01
9.128420352935791016e-01
9.127821326255798340e-01
9.127639532089233398e-01
9.127677083015441895e-01
9.127470254898071289e-01
9.126470685005187988e-01
9.124457240104675293e-01
9.122276306152343750e-01
9.120743870735168457e-01
9.120080471038818359e-01
9.120086431503295898e-01
9.120067954063415527e-01
9.119306802749633789e-01
9.117832779884338379e-01
9.115958809852600098e-01
9.114297628402709961e-01
9.113222360610961914e-01
9.112555384635925293e-01
9.112274050712585449e-01
9.112076163291931152e-01
9.111797809600830078e-01
9.110857844352722168e-01
9.109476804733276367e-01
9.107636809349060059e-01
9.106034040451049805e-01
9.104561209678649902e-01
9.103412032127380371e-01
9.102557301521301270e-01
9.101820588111877441e-01
9.101085066795349121e-01
9.100341796875000000e-01
9.099778532981872559e-01
9.099088311195373535e-01
9.098241925239562988e-01
9.096811413764953613e-01
9.095004796981811523e-01
9.092766046524047852e-01
9.090952873229980469e-01
9.089385271072387695e-01
9.088110923767089844e-01
9.087001681327819824e-01
9.086115360260009766e-01
9.086032509803771973e-01
9.086557626724243164e-01
9.088245630264282227e-01
9.088454842567443848e-01
9.085175395011901855e-01
9.079804420471191406e-01
9.076470136642456055e-01
9.076515436172485352e-01
9.077858924865722656e-01
9.077640175819396973e-01
9.074389934539794922e-01
9.070820808410644531e-01
9.069674611091613770e-01
9.070205092430114746e-01
9.069954752922058105e-01
9.067914485931396484e-01
9.065358042716979980e-01
9.063931703567504883e-01
9.063723683357238770e-01
9.063472151756286621e-01
9.062159657478332520e-01
9.060451984405517578e-01
9.058800339698791504e-01
9.057505130767822266e-01
9.056502580642700195e-01
9.055652618408203125e-01
9.054988622665405273e-01
9.054877161979675293e-01
9.056175947189331055e-01
9.058074355125427246e-01
9.061849713325500488e-01
9.058724641799926758e-01
9.053115844726562500e-01
9.048115015029907227e-01
9.050251245498657227e-01
9.055156707763671875e-01
9.051886200904846191e-01
9.045507907867431641e-01
9.044457077980041504e-01
9.048411250114440918e-01
9.047766923904418945e-01
9.041993618011474609e-01
9.040492177009582520e-01
9.043090939521789551e-01
9.041848182678222656e-01
9.037485718727111816e-01
9.036736488342285156e-01
9.038158059120178223e-01
9.036826491355895996e-01
9.033727645874023438e-01
9.033021330833435059e-01
9.033926129341125488e-01
9.032667279243469238e-01
9.030342102050781250e-01
9.029708504676818848e-01
9.030306935310363770e-01
9.029211997985839844e-01
9.027099013328552246e-01
9.026356935501098633e-01
9.026450514793395996e-01
9.025765061378479004e-01
9.024125337600708008e-01
9.023146033287048340e-01
9.022941589355468750e-01
9.022355675697326660e-01
9.021157026290893555e-01
9.020063281059265137e-01
9.019550085067749023e-01
9.019103646278381348e-01
9.018253684043884277e-01
9.017266035079956055e-01
9.016363620758056641e-01
9.015802741050720215e-01
9.015213251113891602e-01
9.014430046081542969e-01
9.013670086860656738e-01
9.012905955314636230e-01
9.012243151664733887e-01
9.011651277542114258e-01
9.011055827140808105e-01
9.010396599769592285e-01
9.009679555892944336e-01
9.009012579917907715e-01
9.008364081382751465e-01
9.007744193077087402e-01
9.007120132446289062e-01
9.006505608558654785e-01
9.005897641181945801e-01
9.005323648452758789e-01
9.004751443862915039e-01
9.004107713699340820e-01
9.003502130508422852e-01
9.002910852432250977e-01
9.002352356910705566e-01
9.001870751380920410e-01
9.001484513282775879e-01
9.001307487487792969e-01
9.001531600952148438e-01
9.001971483230590820e-01
9.003307819366455078e-01
9.004785418510437012e-01
9.006382822990417480e-01
9.004598855972290039e-01
9.001106023788452148e-01
8.997136354446411133e-01
8.995596766471862793e-01
8.996530175209045410e-01
8.997820019721984863e-01
8.998200297355651855e-01
8.996136784553527832e-01
8.993844389915466309e-01
8.992635607719421387e-01
8.993142247200012207e-01
8.994291424751281738e-01
8.993952870368957520e-01
8.992638587951660156e-01
8.990736007690429688e-01
8.989760875701904297e-01
8.989849090576171875e-01
8.990105986595153809e-01
8.989823460578918457e-01
8.988837003707885742e-01
8.987645506858825684e-01
8.986917734146118164e-01
8.986688256263732910e-01
8.986549377441406250e-01
8.986225724220275879e-01
8.985641598701477051e-01
8.984809517860412598e-01
8.984144926071166992e-01
8.983669877052307129e-01
8.983324766159057617e-01
8.983029127120971680e-01
8.982616662979125977e-01
8.982188105583190918e-01
8.981757760047912598e-01
8.981345891952514648e-01
8.980904817581176758e-01
8.980433344841003418e-01
8.979979753494262695e-01
8.979523777961730957e-01
8.979099392890930176e-01
8.978714346885681152e-01
8.978325128555297852e-01
8.977916836738586426e-01
8.977519869804382324e-01
8.977119922637939453e-01
8.976732492446899414e-01
8.976346254348754883e-01
8.975938558578491211e-01
8.975545167922973633e-01
8.975181579589843750e-01
8.974876403808593750e-01
8.974827527999877930e-01
8.975214958190917969e-01
8.975828886032104492e-01
8.977200984954833984e-01
8.978734016418457031e-01
8.980817198753356934e-01
8.980794548988342285e-01
8.977910280227661133e-01
8.973343968391418457e-01
8.971044421195983887e-01
8.971797823905944824e-01
8.973672389984130859e-01
8.974493145942687988e-01
8.972476124763488770e-01
8.969914913177490234e-01
8.968933820724487305e-01
8.969851136207580566e-01
8.971042633056640625e-01
8.970516324043273926e-01
8.968793153762817383e-01
8.967232108116149902e-01
8.966943621635437012e-01
8.967556953430175781e-01
8.967677354812622070e-01
8.967130184173583984e-01
8.965910077095031738e-01
8.965000510215759277e-01
8.964683413505554199e-01
8.964728116989135742e-01
8.964892625808715820e-01
8.964642286300659180e-01
8.963977098464965820e-01
8.963120579719543457e-01
8.962485790252685547e-01
8.962033987045288086e-01
8.961724042892456055e-01
8.961512446403503418e-01
8.961274623870849609e-01
8.960859179496765137e-01
8.960394859313964844e-01
8.960000276565551758e-01
8.959602713584899902e-01
8.959197402000427246e-01
8.958836793899536133e-01
8.958491683006286621e-01
8.958165645599365234e-01
8.957859873771667480e-01
8.957670927047729492e-01
8.957634568214416504e-01
8.957808017730712891e-01
8.958051204681396484e-01
8.958354592323303223e-01
8.958594202995300293e-01
8.958289027214050293e-01
8.957670927047729492e-01
8.956692814826965332e-01
8.955638408660888672e-01
8.954809308052062988e-01
8.954119682312011719e-01
8.953623771667480469e-01
8.953273892402648926e-01
8.952985405921936035e-01
8.952718377113342285e-01
8.952468037605285645e-01
8.952279090881347656e-01
8.952190279960632324e-01
8.951984643936157227e-01
8.951866030693054199e-01
8.951748013496398926e-01
8.951751589775085449e-01
8.951750993728637695e-01
8.952086567878723145e-01
8.951920270919799805e-01
8.951677680015563965e-01
8.950982093811035156e-01
8.950377702713012695e-01
8.949643373489379883e-01
8.948885202407836914e-01
8.948039412498474121e-01
8.947392702102661133e-01
8.946905732154846191e-01
8.946588039398193359e-01
8.946321606636047363e-01
8.946061730384826660e-01
8.945904970169067383e-01
8.945683240890502930e-01
8.945507407188415527e-01
8.945222496986389160e-01
8.945074081420898438e-01
8.944833278656005859e-01
8.944889307022094727e-01
8.945074677467346191e-01
8.945527672767639160e-01
8.946147561073303223e-01
8.946835994720458984e-01
8.947179317474365234e-01
8.946670293807983398e-01
8.945199251174926758e-01
8.943478465080261230e-01
8.941873908042907715e-01
8.941039443016052246e-01
8.940945863723754883e-01
8.941367864608764648e-01
8.941822648048400879e-01
8.941940069198608398e-01
8.941506147384643555e-01
8.940640687942504883e-01
8.939644694328308105e-01
8.938924074172973633e-01
8.938621878623962402e-01
8.938624858856201172e-01
8.938820362091064453e-01
8.939017653465270996e-01
8.938992619514465332e-01
8.938736319541931152e-01
8.938121199607849121e-01
8.937368988990783691e-01
8.936743736267089844e-01
8.936316370964050293e-01
8.936091661453247070e-01
8.936044573783874512e-01
8.936125636100769043e-01
8.936303853988647461e-01
8.936505317687988281e-01
8.936413526535034180e-01
8.936146497726440430e-01
8.935605287551879883e-01
8.935047388076782227e-01
8.934383988380432129e-01
8.933775424957275391e-01
8.933384418487548828e-01
8.933230042457580566e-01
8.933211565017700195e-01
8.933222889900207520e-01
8.933297395706176758e-01
8.933282494544982910e-01
8.933228254318237305e-01
8.932864069938659668e-01
8.932346701622009277e-01
8.931708931922912598e-01
8.931165337562561035e-01
8.930782675743103027e-01
8.930521011352539062e-01
8.930397629737854004e-01
8.930357694625854492e-01
8.930578231811523438e-01
8.930849432945251465e-01
8.931158185005187988e-01
8.931236863136291504e-01
8.931189775466918945e-01
8.930923938751220703e-01
8.930276036262512207e-01
8.929421305656433105e-01
8.928455114364624023e-01
8.927713036537170410e-01
