1.056607127189636230e+00
1.052945017814636230e+00
1.049507975578308105e+00
1.046329855918884277e+00
1.043382883071899414e+00
1.040644764900207520e+00
1.038092494010925293e+00
1.035707354545593262e+00
1.033483147621154785e+00
1.031407237052917480e+00
1.029477953910827637e+00
1.027688622474670410e+00
1.026016950607299805e+00
1.024459362030029297e+00
1.023007273674011230e+00
1.021658301353454590e+00
1.020405173301696777e+00
1.019237399101257324e+00
1.018143534660339355e+00
1.017111897468566895e+00
1.016150355339050293e+00
1.015263557434082031e+00
1.014422059059143066e+00
1.013624191284179688e+00
1.012871265411376953e+00
1.012162923812866211e+00
1.011495709419250488e+00
1.010866165161132812e+00
1.010270953178405762e+00
1.009707927703857422e+00
1.009173393249511719e+00
1.008665680885314941e+00
1.008183956146240234e+00
1.007726430892944336e+00
1.007292628288269043e+00
1.006879448890686035e+00
1.006486296653747559e+00
1.006113648414611816e+00
1.005758047103881836e+00
1.005417108535766602e+00
1.005085587501525879e+00
1.004760265350341797e+00
1.004442453384399414e+00
1.004132986068725586e+00
1.003832459449768066e+00
1.003539800643920898e+00
1.003253102302551270e+00
1.002971649169921875e+00
1.002692937850952148e+00
1.002413868904113770e+00
1.002132177352905273e+00
1.001847624778747559e+00
1.001558303833007812e+00
1.001263380050659180e+00
1.000965118408203125e+00
1.000664710998535156e+00
1.000361561775207520e+00
1.000055074691772461e+00
9.997474551200866699e-01
9.994413256645202637e-01
9.991339445114135742e-01
9.988220334053039551e-01
9.985060691833496094e-01
9.981871247291564941e-01
9.978677034378051758e-01
9.975478649139404297e-01
9.972294569015502930e-01
9.969105720520019531e-01
9.965907931327819824e-01
9.962679147720336914e-01
9.959411621093750000e-01
9.956119656562805176e-01
9.952818155288696289e-01
9.949523210525512695e-01
9.946243762969970703e-01
9.942967891693115234e-01
9.939678907394409180e-01
9.936372041702270508e-01
9.933049678802490234e-01
9.929732680320739746e-01
9.926419854164123535e-01
9.923118948936462402e-01
9.919813275337219238e-01
9.916498064994812012e-01
9.913185238838195801e-01
9.909874796867370605e-01
9.906569123268127441e-01
9.903293251991271973e-01
9.900089502334594727e-01
9.896881580352783203e-01
9.893664717674255371e-01
9.890468716621398926e-01
9.887303709983825684e-01
9.884166121482849121e-01
9.881049990653991699e-01
9.877967238426208496e-01
9.874913692474365234e-01
9.871898889541625977e-01
9.868920445442199707e-01
9.865980744361877441e-01
9.863081574440002441e-01
9.860221743583679199e-01
9.857393503189086914e-01
9.854606389999389648e-01
9.851856827735900879e-01
9.849150776863098145e-01
9.846489429473876953e-01
9.843881130218505859e-01
9.841327667236328125e-01
9.838824868202209473e-01
9.836375713348388672e-01
9.833979606628417969e-01
9.831629991531372070e-01
9.829334616661071777e-01
9.827090501785278320e-01
9.824899435043334961e-01
9.822759628295898438e-01
9.820676445960998535e-01
9.818642139434814453e-01
9.816658496856689453e-01
9.814723134040832520e-01
9.812841415405273438e-01
9.811011552810668945e-01
9.809233546257019043e-01
9.807507991790771484e-01
9.805824756622314453e-01
9.804185032844543457e-01
9.802582859992980957e-01
9.801025986671447754e-01
9.799506664276123047e-01
9.798027276992797852e-01
9.796595573425292969e-01
9.795214533805847168e-01
9.793885350227355957e-01
9.792602062225341797e-01
9.791358709335327148e-01
9.790155887603759766e-01
9.788987040519714355e-01
9.787847995758056641e-01
9.786729812622070312e-01
9.785641431808471680e-01
9.784569144248962402e-01
9.783529043197631836e-01
9.782508015632629395e-01
9.781510233879089355e-01
9.780544042587280273e-01
9.779607057571411133e-01
9.778693318367004395e-01
9.777794480323791504e-01
9.776911735534667969e-01
9.776045680046081543e-01
9.775192141532897949e-01
9.774354100227355957e-01
9.773529171943664551e-01
9.772726297378540039e-01
9.771938920021057129e-01
9.771166443824768066e-01
9.770408272743225098e-01
9.769667983055114746e-01
9.768938422203063965e-01
9.768226742744445801e-01
9.767524600028991699e-01
9.766830205917358398e-01
9.766142368316650391e-01
9.765461683273315430e-01
9.764789938926696777e-01
9.764129519462585449e-01
9.763482213020324707e-01
9.762843251228332520e-01
9.762209653854370117e-01
9.761583805084228516e-01
9.760966897010803223e-01
9.760357141494750977e-01
9.759755134582519531e-01
9.759161472320556641e-01
9.758577346801757812e-01
9.758002161979675293e-01
9.757434725761413574e-01
9.756873846054077148e-01
9.756320118904113770e-01
9.755776524543762207e-01
9.755238294601440430e-01
9.754702448844909668e-01
9.754174351692199707e-01
9.753651022911071777e-01
9.753134846687316895e-01
9.752625823020935059e-01
9.752120375633239746e-01
9.751620888710021973e-01
9.751123785972595215e-01
9.750632047653198242e-01
9.750143885612487793e-01
9.749658703804016113e-01
9.749180674552917480e-01
9.748706817626953125e-01
9.748236536979675293e-01
9.747769832611083984e-01
9.747308492660522461e-01
9.746850728988647461e-01
9.746392965316772461e-01
9.745942354202270508e-01
9.745491147041320801e-01
9.745044112205505371e-01
9.744598269462585449e-01
9.744154214859008789e-01
9.743711352348327637e-01
9.743272066116333008e-01
9.742835164070129395e-01
9.742398858070373535e-01
9.741964340209960938e-01
9.741528034210205078e-01
9.741095304489135742e-01
9.740654230117797852e-01
9.740213751792907715e-01
9.739770889282226562e-01
9.739326834678649902e-01
9.738881587982177734e-01
9.738430976867675781e-01
9.737979769706726074e-01
9.737527966499328613e-01
9.737076163291931152e-01
9.736624360084533691e-01
9.736170768737792969e-01
9.735720753669738770e-01
9.735265970230102539e-01
9.734806418418884277e-01
9.734345674514770508e-01
9.733889102935791016e-01
9.733430147171020508e-01
9.732962846755981445e-01
9.732493162155151367e-01
9.732039570808410645e-01
9.731571674346923828e-01
9.731073379516601562e-01
9.730572700500488281e-01
9.730125665664672852e-01
9.729666709899902344e-01
9.729191660881042480e-01
9.728696346282958984e-01
9.728192090988159180e-01
9.727720618247985840e-01
9.727252125740051270e-01
9.726755023002624512e-01
9.726303219795227051e-01
9.725847840309143066e-01
9.725371003150939941e-01
9.724894762039184570e-01
9.724413752555847168e-01
9.723908305168151855e-01
9.723403453826904297e-01
9.722917675971984863e-01
9.722445011138916016e-01
9.721962809562683105e-01
9.721457362174987793e-01
9.720941781997680664e-01
9.720430970191955566e-01
9.719926714897155762e-01
9.719423055648803711e-01
9.718912243843078613e-01
9.718391895294189453e-01
9.717865586280822754e-01
9.717339873313903809e-01
9.716812372207641602e-01
9.716275334358215332e-01
9.715733528137207031e-01
9.715182185173034668e-01
9.714624881744384766e-01
9.714059233665466309e-01
9.713478684425354004e-01
9.712887406349182129e-01
9.712294936180114746e-01
9.711706042289733887e-01
9.711113572120666504e-01
9.710518121719360352e-01
9.709920287132263184e-01
9.709315896034240723e-01
9.708708524703979492e-01
9.708093404769897461e-01
9.707469344139099121e-01
9.706842303276062012e-01
9.706207513809204102e-01
9.705566167831420898e-01
9.704919457435607910e-01
9.704268574714660645e-01
9.703612923622131348e-01
9.702953696250915527e-01
9.702212214469909668e-01
9.701370596885681152e-01
9.700458645820617676e-01
9.699689149856567383e-01
9.699034094810485840e-01
9.698364138603210449e-01
9.697639346122741699e-01
9.696875214576721191e-01
9.696082472801208496e-01
9.695263504981994629e-01
9.694432020187377930e-01
9.693616628646850586e-01
9.692819714546203613e-01
9.692028164863586426e-01
9.691230058670043945e-01
9.690404534339904785e-01
9.689554572105407715e-01
9.688695073127746582e-01
9.687830805778503418e-01
9.686962366104125977e-01
9.686094522476196289e-01
9.685221314430236816e-01
9.684334993362426758e-01
9.683433175086975098e-01
9.682518839836120605e-01
9.681595563888549805e-01
9.680665731430053711e-01
9.679727554321289062e-01
9.678784012794494629e-01
9.677832126617431641e-01
9.676867723464965820e-01
9.675899744033813477e-01
9.674923419952392578e-01
9.673939347267150879e-01
9.672945141792297363e-01
9.671937823295593262e-01
9.670919179916381836e-01
9.669893383979797363e-01
9.668864607810974121e-01
9.667825698852539062e-01
9.666776657104492188e-01
9.665711522102355957e-01
9.664624929428100586e-01
9.663520455360412598e-01
9.662398099899291992e-01
9.661260247230529785e-01
9.660105109214782715e-01
9.658931493759155273e-01
9.657737612724304199e-01
9.656533598899841309e-01
9.655317664146423340e-01
9.654099345207214355e-01
9.652878046035766602e-01
9.651650190353393555e-01
9.650418758392333984e-01
9.649186730384826660e-01
9.647958278656005859e-01
9.646710157394409180e-01
9.645399451255798340e-01
9.643998146057128906e-01
9.642596840858459473e-01
9.641348719596862793e-01
9.640117287635803223e-01
9.638848900794982910e-01
9.637593030929565430e-01
9.636309742927551270e-01
9.635007381439208984e-01
9.633690714836120605e-01
9.632385969161987305e-01
9.631073474884033203e-01
9.629729986190795898e-01
9.628384709358215332e-01
9.627082943916320801e-01
9.625812768936157227e-01
9.624536633491516113e-01
9.623227119445800781e-01
9.621878862380981445e-01
9.620526432991027832e-01
9.619184732437133789e-01
9.617854356765747070e-01
9.616522192955017090e-01
9.615218639373779297e-01
9.613904356956481934e-01
9.612581133842468262e-01
9.611259698867797852e-01
9.609930515289306641e-01
9.608610272407531738e-01
9.607302546501159668e-01
9.605891108512878418e-01
9.604390263557434082e-01
9.602856636047363281e-01
9.601288437843322754e-01
9.599711894989013672e-01
9.597947597503662109e-01
9.596118927001953125e-01
9.594293832778930664e-01
9.592781066894531250e-01
9.591378569602966309e-01
9.589728116989135742e-01
9.587982296943664551e-01
9.586368799209594727e-01
9.584867358207702637e-01
9.583380818367004395e-01
9.581773281097412109e-01
9.580036997795104980e-01
9.578219056129455566e-01
9.576488733291625977e-01
9.574812650680541992e-01
9.573009610176086426e-01
9.571130275726318359e-01
9.569291472434997559e-01
9.567446112632751465e-01
9.565651416778564453e-01
9.563937783241271973e-01
9.562678933143615723e-01
9.560655355453491211e-01
9.558904767036437988e-01
9.556704163551330566e-01
9.554858803749084473e-01
9.553087353706359863e-01
9.551365375518798828e-01
9.549825787544250488e-01
9.548217654228210449e-01
9.546675682067871094e-01
9.544113278388977051e-01
9.542607069015502930e-01
9.541687369346618652e-01
9.538735747337341309e-01
9.537563323974609375e-01
9.536699652671813965e-01
9.533421993255615234e-01
9.534286856651306152e-01
9.531138539314270020e-01
9.529117941856384277e-01
9.528048634529113770e-01
9.524492025375366211e-01
9.524243474006652832e-01
9.520950317382812500e-01
9.520457386970520020e-01
9.517917633056640625e-01
9.516209959983825684e-01
9.514539241790771484e-01
9.512066841125488281e-01
9.511018395423889160e-01
9.508329033851623535e-01
9.507480263710021973e-01
9.504686594009399414e-01
9.503337144851684570e-01
9.501017332077026367e-01
9.499188065528869629e-01
9.497576355934143066e-01
9.495355486869812012e-01
9.494209289550781250e-01
9.491886496543884277e-01
9.490560889244079590e-01
9.488736987113952637e-01
9.487110376358032227e-01
9.485760927200317383e-01
9.483856558799743652e-01
9.482651948928833008e-01
9.480922818183898926e-01
9.479407668113708496e-01
9.477993249893188477e-01
9.476262331008911133e-01
9.474921226501464844e-01
9.473327398300170898e-01
9.471756219863891602e-01
9.470404982566833496e-01
9.468806982040405273e-01
9.467350244522094727e-01
9.465976357460021973e-01
9.464426040649414062e-01
9.462954401969909668e-01
9.461606740951538086e-01
9.460107088088989258e-01
9.458684921264648438e-01
9.457347393035888672e-01
9.455975890159606934e-01
9.454556703567504883e-01
9.453170895576477051e-01
9.451813697814941406e-01
9.450490474700927734e-01
9.449157118797302246e-01
9.447806477546691895e-01
9.446452856063842773e-01
9.445109367370605469e-01
9.443774819374084473e-01
9.442489743232727051e-01
9.441227316856384277e-01
9.439971446990966797e-01
9.438726305961608887e-01
9.437490105628967285e-01
9.436157345771789551e-01
9.434828162193298340e-01
9.433554410934448242e-01
9.432351589202880859e-01
9.431144595146179199e-01
9.429945945739746094e-01
9.428641796112060547e-01
9.427345395088195801e-01
9.426072835922241211e-01
9.424795508384704590e-01
9.423492550849914551e-01
9.422260522842407227e-01
9.421076774597167969e-01
9.420101046562194824e-01
9.420568346977233887e-01
9.423522949218750000e-01
9.429616928100585938e-01
9.421717524528503418e-01
9.427430033683776855e-01
9.416984915733337402e-01
9.419981241226196289e-01
9.413543343544006348e-01
9.414026141166687012e-01
9.414491057395935059e-01
9.410678744316101074e-01
9.414590597152709961e-01
9.407787322998046875e-01
9.408992528915405273e-01
9.406306743621826172e-01
9.406839609146118164e-01
9.404796361923217773e-01
9.404162168502807617e-01
9.404046535491943359e-01
9.400959610939025879e-01
9.401547908782958984e-01
9.399220943450927734e-01
9.399384260177612305e-01
9.398543238639831543e-01
9.396538138389587402e-01
9.397044777870178223e-01
9.395157098770141602e-01
9.394370913505554199e-01
9.393887519836425781e-01
9.392077326774597168e-01
9.391706585884094238e-01
9.390804171562194824e-01
9.389410018920898438e-01
9.388939738273620605e-01
9.387886524200439453e-01
9.386845827102661133e-01
9.386319518089294434e-01
9.385220408439636230e-01
9.384295344352722168e-01
9.383726119995117188e-01
9.382749795913696289e-01
9.381788372993469238e-01
9.381077289581298828e-01
9.380263686180114746e-01
9.379361271858215332e-01
9.378503561019897461e-01
9.377765059471130371e-01
9.377005696296691895e-01
9.376065135002136230e-01
9.375207424163818359e-01
9.374464154243469238e-01
9.373684525489807129e-01
9.372901320457458496e-01
9.371979832649230957e-01
9.371109604835510254e-01
9.370317459106445312e-01
9.369564056396484375e-01
9.368906617164611816e-01
9.368198513984680176e-01
9.367433786392211914e-01
9.366587996482849121e-01
9.365736246109008789e-01
9.364891052246093750e-01
9.364085197448730469e-01
9.363302588462829590e-01
9.362580180168151855e-01
9.361927509307861328e-01
9.361385703086853027e-01
9.361129403114318848e-01
9.361547231674194336e-01
9.363960027694702148e-01
9.367236495018005371e-01
9.368076324462890625e-01
9.357251524925231934e-01
9.360967278480529785e-01
9.366747140884399414e-01
9.355082511901855469e-01
9.360944032669067383e-01
9.363588094711303711e-01
9.353266954421997070e-01
9.363572001457214355e-01
9.358264803886413574e-01
9.353483319282531738e-01
9.361069798469543457e-01
9.351151585578918457e-01
9.355276823043823242e-01
9.352797865867614746e-01
9.349855780601501465e-01
9.353240728378295898e-01
9.347630739212036133e-01
9.351279139518737793e-01
9.348139166831970215e-01
9.347766041755676270e-01
9.348469972610473633e-01
9.345160126686096191e-01
9.347415566444396973e-01
9.344288706779479980e-01
9.345191717147827148e-01
9.344320893287658691e-01
9.343009591102600098e-01
9.344052076339721680e-01
9.341641664505004883e-01
9.342373013496398926e-01
9.341268539428710938e-01
9.340430498123168945e-01
9.340830445289611816e-01
9.339205026626586914e-01
9.339542388916015625e-01
9.338776469230651855e-01
9.337819218635559082e-01
9.338136315345764160e-01
9.336963295936584473e-01
9.336581230163574219e-01
9.336436390876770020e-01
9.335367083549499512e-01
9.335209131240844727e-01
9.334759116172790527e-01
9.333921670913696289e-01
9.333723187446594238e-01
9.333248734474182129e-01
9.332506656646728516e-01
9.332289695739746094e-01
9.331793785095214844e-01
9.331117868423461914e-01
9.330867528915405273e-01
9.330428242683410645e-01
9.329766035079956055e-01
9.329470992088317871e-01
9.329085350036621094e-01
9.328436851501464844e-01
9.328039884567260742e-01
9.327716231346130371e-01
9.327131509780883789e-01
9.326657056808471680e-01
9.326317310333251953e-01
9.325813055038452148e-01
9.325282573699951172e-01
9.324885606765747070e-01
9.324463009834289551e-01
9.323933124542236328e-01
9.323474764823913574e-01
9.323073625564575195e-01
9.322608113288879395e-01
9.322112798690795898e-01
9.321690797805786133e-01
9.321294426918029785e-01
9.320796728134155273e-01
9.320306777954101562e-01
9.319863319396972656e-01
9.319434165954589844e-01
9.318957924842834473e-01
9.318481683731079102e-01
9.318030476570129395e-01
9.317613244056701660e-01
9.317163228988647461e-01
9.316699504852294922e-01
9.316235780715942383e-01
9.315792322158813477e-01
9.315358996391296387e-01
9.314918518066406250e-01
9.314469695091247559e-01
9.313993453979492188e-01
9.313503503799438477e-01
9.313008785247802734e-01
9.312526583671569824e-01
9.312050342559814453e-01
9.311574697494506836e-01
9.311109185218811035e-01
9.310647845268249512e-01
9.310228824615478516e-01
9.309885501861572266e-01
9.309661984443664551e-01
9.309577941894531250e-01
9.309503436088562012e-01
9.309613108634948730e-01
9.309384226799011230e-01
9.309147596359252930e-01
9.308552742004394531e-01
9.307675361633300781e-01
9.306175112724304199e-01
9.305003285408020020e-01
9.304377436637878418e-01
9.304174780845642090e-01
9.304268956184387207e-01
9.304194450378417969e-01
9.304056763648986816e-01
9.303412437438964844e-01
9.302785992622375488e-01
9.301917552947998047e-01
9.301177263259887695e-01
9.300466179847717285e-01
9.299910068511962891e-01
9.299412965774536133e-01
9.298971891403198242e-01
9.298557043075561523e-01
9.298201203346252441e-01
9.297967553138732910e-01
9.297893047332763672e-01
9.298221468925476074e-01
9.298956990242004395e-01
9.301173686981201172e-01
9.304511547088623047e-01
9.307666420936584473e-01
9.297407865524291992e-01
9.294807314872741699e-01
9.299597740173339844e-01
9.302077889442443848e-01
9.299488067626953125e-01
9.293691515922546387e-01
9.293711781501770020e-01
9.297622442245483398e-01
9.296397566795349121e-01
9.292520880699157715e-01
9.291694164276123047e-01
9.293866753578186035e-01
9.293812513351440430e-01
9.290956258773803711e-01
9.289748072624206543e-01
9.290941357612609863e-01
9.290697574615478516e-01
9.289021492004394531e-01
9.288319349288940430e-01
9.288951754570007324e-01
9.289059638977050781e-01
9.287918210029602051e-01
9.286854863166809082e-01
9.286811351776123047e-01
9.287040829658508301e-01
9.286537170410156250e-01
9.285537600517272949e-01
9.285066127777099609e-01
9.285097718238830566e-01
9.284927248954772949e-01
9.284303188323974609e-01
9.283611178398132324e-01
9.283294081687927246e-01
9.283232688903808594e-01
9.282955527305603027e-01
9.282399415969848633e-01
9.281854629516601562e-01
9.281468987464904785e-01
9.281318187713623047e-01
9.281194210052490234e-01
9.280922412872314453e-01
9.280416965484619141e-01
9.279853105545043945e-01
9.279341101646423340e-01
9.278985857963562012e-01
9.278709888458251953e-01
9.278458952903747559e-01
9.278206229209899902e-01
9.277837872505187988e-01
9.277418255805969238e-01
9.276981949806213379e-01
9.276560544967651367e-01
9.276159405708312988e-01
9.275788664817810059e-01
9.275419116020202637e-01
9.275068640708923340e-01
9.274729490280151367e-01
9.274412393569946289e-01
9.274137020111083984e-01
9.273902177810668945e-01
9.273821115493774414e-01
9.273924827575683594e-01
9.274513125419616699e-01
9.276470541954040527e-01
9.280528426170349121e-01
9.277930855751037598e-01
9.275994300842285156e-01
9.272210001945495605e-01
9.270483851432800293e-01
9.270896315574645996e-01
9.272727370262145996e-01
9.275038242340087891e-01
9.273365139961242676e-01
9.271426796913146973e-01
9.269770979881286621e-01
9.268316626548767090e-01
9.267938137054443359e-01
9.268382191658020020e-01
9.268956184387207031e-01
9.269896149635314941e-01
9.269999861717224121e-01
9.269352555274963379e-01
9.267865419387817383e-01
9.266221523284912109e-01
9.265218377113342285e-01
9.265202283859252930e-01
9.265637993812561035e-01
9.265664815902709961e-01
9.265476465225219727e-01
9.264662861824035645e-01
9.263712167739868164e-01
9.262949228286743164e-01
9.262781143188476562e-01
9.262858033180236816e-01
9.262985587120056152e-01
9.262978434562683105e-01
9.262438416481018066e-01
9.261830449104309082e-01
9.261188507080078125e-01
9.260566830635070801e-01
9.260139465332031250e-01
9.259887933731079102e-01
9.259775280952453613e-01
9.259634613990783691e-01
9.259521365165710449e-01
9.259365797042846680e-01
9.259313941001892090e-01
9.259124994277954102e-01
9.259302020072937012e-01
9.259684681892395020e-01
9.261431097984313965e-01
9.263897538185119629e-01
9.260917901992797852e-01
9.258313179016113281e-01
9.256712198257446289e-01
9.255654811859130859e-01
9.255358576774597168e-01
9.255595207214355469e-01
9.256021976470947266e-01
9.256876707077026367e-01
9.257982969284057617e-01
9.259251356124877930e-01
9.259690046310424805e-01
9.255813360214233398e-01
9.253322482109069824e-01
9.252787232398986816e-01
9.253872036933898926e-01
9.255300760269165039e-01
9.256684780120849609e-01
9.256408214569091797e-01
9.254030585289001465e-01
9.251561164855957031e-01
9.250735640525817871e-01
9.251622557640075684e-01
9.252942800521850586e-01
9.254442453384399414e-01
9.253799915313720703e-01
9.251683950424194336e-01
9.249499440193176270e-01
9.248794913291931152e-01
9.249760508537292480e-01
9.250932335853576660e-01
9.251895546913146973e-01
9.250496029853820801e-01
9.248642325401306152e-01
9.247124791145324707e-01
9.246978759765625000e-01
9.247747659683227539e-01
9.248176813125610352e-01
9.247981309890747070e-01
9.246850609779357910e-01
9.245613813400268555e-01
9.245125651359558105e-01
9.245418906211853027e-01
9.245741367340087891e-01
9.245561957359313965e-01
9.244968295097351074e-01
9.244115948677062988e-01
9.243535995483398438e-01
9.243372082710266113e-01
9.243448972702026367e-01
9.243481159210205078e-01
9.243195652961730957e-01
9.242852330207824707e-01
9.242317676544189453e-01
9.241815805435180664e-01
9.241487979888916016e-01
9.241411089897155762e-01
9.241365790367126465e-01
9.241231083869934082e-01
9.241077303886413574e-01
9.240779876708984375e-01
9.240349531173706055e-01
9.239892959594726562e-01
9.239540696144104004e-01
9.239325523376464844e-01
9.239206314086914062e-01
9.239100813865661621e-01
9.238955378532409668e-01
9.238801598548889160e-01
9.238625764846801758e-01
9.238568544387817383e-01
9.238456487655639648e-01
9.238837957382202148e-01
9.239787459373474121e-01
9.242680668830871582e-01
9.246714115142822266e-01
9.240701794624328613e-01
9.237080216407775879e-01
9.236149191856384277e-01
9.236381053924560547e-01
9.237598776817321777e-01
9.240348935127258301e-01
9.243288636207580566e-01
9.237707853317260742e-01
9.234809279441833496e-01
9.235648512840270996e-01
9.238748550415039062e-01
9.242574572563171387e-01
9.235325455665588379e-01
9.234210848808288574e-01
9.238328337669372559e-01
9.237649440765380859e-01
9.235551357269287109e-01
9.233160018920898438e-01
9.233123064041137695e-01
9.235204458236694336e-01
9.234175682067871094e-01
9.233155250549316406e-01
9.232717156410217285e-01
9.232135415077209473e-01
9.231805801391601562e-01
9.231430292129516602e-01
9.231075048446655273e-01
9.230723977088928223e-01
9.230459928512573242e-01
9.230319857597351074e-01
9.230231046676635742e-01
9.230115413665771484e-01
9.229988455772399902e-01
9.229868054389953613e-01
9.229602217674255371e-01
9.229458570480346680e-01
9.229240417480468750e-01
9.229263067245483398e-01
9.229121208190917969e-01
9.229167699813842773e-01
9.229091405868530273e-01
9.229568243026733398e-01
9.230057001113891602e-01
9.231343269348144531e-01
9.232407212257385254e-01
9.229300022125244141e-01
9.227275252342224121e-01
9.226552844047546387e-01
9.226920604705810547e-01
9.227904081344604492e-01
9.229837656021118164e-01
9.231454730033874512e-01
9.227753877639770508e-01
9.225490689277648926e-01
9.225541353225708008e-01
9.227243065834045410e-01
9.229388833045959473e-01
9.226258397102355957e-01
9.224408864974975586e-01
9.224518537521362305e-01
9.226400852203369141e-01
9.228794574737548828e-01
9.224588871002197266e-01
9.223372936248779297e-01
9.225072264671325684e-01
9.227137565612792969e-01
9.228233098983764648e-01
9.222820401191711426e-01
9.223923683166503906e-01
9.228219985961914062e-01
9.223131537437438965e-01
9.222107529640197754e-01
9.224868416786193848e-01
9.222767949104309082e-01
9.221549034118652344e-01
9.220979809761047363e-01
9.220927357673645020e-01
9.221040606498718262e-01
9.222078919410705566e-01
9.223018288612365723e-01
9.220134019851684570e-01
9.220367670059204102e-01
9.222790002822875977e-01
9.220532178878784180e-01
9.219151139259338379e-01
9.218800663948059082e-01
9.218739271163940430e-01
9.218980669975280762e-01
9.220102429389953613e-01
9.221054315567016602e-01
9.218235611915588379e-01
9.217447042465209961e-01
9.218249320983886719e-01
9.220320582389831543e-01
9.221963882446289062e-01
9.217110872268676758e-01
9.217199087142944336e-01
9.220344424247741699e-01
9.217077493667602539e-01
9.215905070304870605e-01
9.216236472129821777e-01
9.217060208320617676e-01
9.217654466629028320e-01
9.215319752693176270e-01
9.215089082717895508e-01
9.216616153717041016e-01
9.215312004089355469e-01
9.214503169059753418e-01
9.213926196098327637e-01
9.213685989379882812e-01
9.213454127311706543e-01
9.213336706161499023e-01
9.213181138038635254e-01
9.213696718215942383e-01
9.214287996292114258e-01
9.213413596153259277e-01
9.212686419486999512e-01
9.212831258773803711e-01
