1.060323238372802734e+00
1.057284951210021973e+00
1.054395318031311035e+00
1.051652908325195312e+00
1.049054503440856934e+00
1.046603441238403320e+00
1.044311046600341797e+00
1.042160511016845703e+00
1.040143966674804688e+00
1.038307905197143555e+00
1.036664962768554688e+00
1.035153746604919434e+00
1.033737540245056152e+00
1.032407641410827637e+00
1.031162023544311523e+00
1.029991626739501953e+00
1.028889775276184082e+00
1.027852296829223633e+00
1.026875019073486328e+00
1.025954127311706543e+00
1.025091052055358887e+00
1.024286031723022461e+00
1.023536443710327148e+00
1.022830724716186523e+00
1.022158980369567871e+00
1.021523356437683105e+00
1.020925879478454590e+00
1.020352721214294434e+00
1.019802212715148926e+00
1.019270896911621094e+00
1.018756031990051270e+00
1.018254876136779785e+00
1.017766356468200684e+00
1.017289996147155762e+00
1.016825318336486816e+00
1.016372442245483398e+00
1.015930771827697754e+00
1.015500187873840332e+00
1.015079498291015625e+00
1.014667272567749023e+00
1.014262914657592773e+00
1.013866066932678223e+00
1.013474583625793457e+00
1.013088941574096680e+00
1.012708425521850586e+00
1.012332439422607422e+00
1.011961579322814941e+00
1.011595129966735840e+00
1.011233568191528320e+00
1.010876417160034180e+00
1.010524749755859375e+00
1.010179758071899414e+00
1.009840607643127441e+00
1.009508848190307617e+00
1.009184241294860840e+00
1.008866071701049805e+00
1.008553028106689453e+00
1.008244395256042480e+00
1.007940888404846191e+00
1.007641673088073730e+00
1.007345318794250488e+00
1.007050633430480957e+00
1.006757497787475586e+00
1.006465911865234375e+00
1.006176114082336426e+00
1.005886793136596680e+00
1.005597949028015137e+00
1.005308985710144043e+00
1.005020022392272949e+00
1.004722952842712402e+00
1.004418969154357910e+00
1.004105806350708008e+00
1.003786206245422363e+00
1.003455519676208496e+00
1.003117918968200684e+00
1.002772569656372070e+00
1.002409577369689941e+00
1.002029061317443848e+00
1.001647114753723145e+00
1.001277923583984375e+00
1.000919699668884277e+00
1.000574469566345215e+00
1.000243544578552246e+00
9.999120831489562988e-01
9.995809197425842285e-01
9.992446899414062500e-01
9.988979697227478027e-01
9.985404014587402344e-01
9.981747269630432129e-01
9.978043437004089355e-01
9.974292516708374023e-01
9.970484972000122070e-01
9.966627955436706543e-01
9.962742924690246582e-01
9.958860278129577637e-01
9.955042004585266113e-01
9.951216578483581543e-01
9.947351813316345215e-01
9.943466782569885254e-01
9.939537048339843750e-01
9.935566186904907227e-01
9.931568503379821777e-01
9.927560091018676758e-01
9.923541545867919922e-01
9.919511079788208008e-01
9.915496110916137695e-01
9.911507964134216309e-01
9.907554984092712402e-01
9.903644323348999023e-01
9.899753928184509277e-01
9.895887970924377441e-01
9.892030358314514160e-01
9.888219833374023438e-01
9.884472489356994629e-01
9.880804419517517090e-01
9.877219200134277344e-01
9.873707294464111328e-01
9.870273470878601074e-01
9.866926074028015137e-01
9.863657951354980469e-01
9.860482215881347656e-01
9.857402443885803223e-01
9.854422211647033691e-01
9.851528406143188477e-01
9.848711490631103516e-01
9.845965504646301270e-01
9.843275547027587891e-01
9.840630292892456055e-01
9.838029742240905762e-01
9.835475683212280273e-01
9.832952618598937988e-01
9.830456376075744629e-01
9.828003644943237305e-01
9.825576543807983398e-01
9.823193550109863281e-01
9.820837974548339844e-01
9.818509817123413086e-01
9.816229343414306641e-01
9.814002513885498047e-01
9.811835885047912598e-01
9.809746146202087402e-01
9.807738661766052246e-01
9.805795550346374512e-01
9.803906083106994629e-01
9.802062511444091797e-01
9.800263047218322754e-01
9.798502326011657715e-01
9.796774983406066895e-01
9.795085191726684570e-01
9.793422818183898926e-01
9.791793227195739746e-01
9.790182113647460938e-01
9.788594841957092285e-01
9.787032008171081543e-01
9.785488843917846680e-01
9.783973693847656250e-01
9.782494306564331055e-01
9.781045317649841309e-01
9.779624342918395996e-01
9.778226613998413086e-01
9.776862263679504395e-01
9.775518774986267090e-01
9.774180650711059570e-01
9.772845506668090820e-01
9.771521687507629395e-01
9.770208001136779785e-01
9.768907427787780762e-01
9.767630100250244141e-01
9.766354560852050781e-01
9.765075445175170898e-01
9.763801693916320801e-01
9.762543439865112305e-01
9.761298298835754395e-01
9.760060906410217285e-01
9.758823513984680176e-01
9.757582545280456543e-01
9.756333827972412109e-01
9.755074977874755859e-01
9.753803610801696777e-01
9.752523303031921387e-01
9.751236438751220703e-01
9.749941229820251465e-01
9.748634696006774902e-01
9.747316241264343262e-01
9.745991826057434082e-01
9.744656085968017578e-01
9.743312001228332520e-01
9.741959571838378906e-01
9.740607142448425293e-01
9.739238023757934570e-01
9.737837314605712891e-01
9.736403226852416992e-01
9.734944105148315430e-01
9.733459353446960449e-01
9.731939435005187988e-01
9.730380773544311523e-01
9.728783369064331055e-01
9.727142453193664551e-01
9.725448489189147949e-01
9.723711609840393066e-01
9.721940159797668457e-01
9.720128774642944336e-01
9.718276858329772949e-01
9.716384410858154297e-01
9.714457392692565918e-01
9.712459444999694824e-01
9.710368514060974121e-01
9.708179235458374023e-01
9.705876111984252930e-01
9.703478217124938965e-01
9.701029062271118164e-01
9.698519706726074219e-01
9.695875048637390137e-01
9.693208932876586914e-01
9.690570831298828125e-01
9.687933325767517090e-01
9.685258269309997559e-01
9.682520627975463867e-01
9.679701328277587891e-01
9.676808118820190430e-01
9.673835039138793945e-01
9.670755863189697266e-01
9.667621254920959473e-01
9.664441943168640137e-01
9.661164879798889160e-01
9.657784700393676758e-01
9.654343128204345703e-01
9.650861024856567383e-01
9.647365808486938477e-01
9.643797874450683594e-01
9.640178084373474121e-01
9.636538028717041016e-01
9.632853865623474121e-01
9.629161357879638672e-01
9.625495076179504395e-01
9.621840119361877441e-01
9.618179202079772949e-01
9.614517688751220703e-01
9.610881209373474121e-01
9.607284665107727051e-01
9.603696465492248535e-01
9.600149989128112793e-01
9.596655964851379395e-01
9.593210816383361816e-01
9.589802622795104980e-01
9.586459994316101074e-01
9.583204984664916992e-01
9.580039978027343750e-01
9.576963782310485840e-01
9.574028849601745605e-01
9.571285843849182129e-01
9.568613767623901367e-01
9.566003084182739258e-01
9.563421010971069336e-01
9.560896158218383789e-01
9.558439254760742188e-01
9.556059837341308594e-01
9.553752541542053223e-01
9.551509618759155273e-01
9.549335837364196777e-01
9.547234773635864258e-01
9.545280933380126953e-01
9.543364048004150391e-01
9.541485309600830078e-01
9.539626836776733398e-01
9.537801742553710938e-01
9.536026716232299805e-01
9.534294605255126953e-01
9.532631039619445801e-01
9.531052708625793457e-01
9.529525041580200195e-01
9.528028368949890137e-01
9.526515603065490723e-01
9.525023102760314941e-01
9.523586034774780273e-01
9.522195458412170410e-01
9.520828127861022949e-01
9.519494175910949707e-01
9.518160820007324219e-01
9.516859054565429688e-01
9.515578150749206543e-01
9.514316320419311523e-01
9.513078331947326660e-01
9.511845707893371582e-01
9.510642886161804199e-01
9.509446024894714355e-01
9.508262276649475098e-01
9.507086873054504395e-01
9.505911469459533691e-01
9.504747390747070312e-01
9.503584504127502441e-01
9.502437114715576172e-01
9.501323103904724121e-01
9.500195384025573730e-01
9.499100446701049805e-01
9.498022198677062988e-01
9.496953487396240234e-01
9.495911002159118652e-01
9.494851827621459961e-01
9.493811130523681641e-01
9.492775201797485352e-01
9.491749405860900879e-01
9.490714669227600098e-01
9.489685893058776855e-01
9.488656520843505859e-01
9.487633705139160156e-01
9.486624598503112793e-01
9.485608339309692383e-01
9.484590291976928711e-01
9.483575224876403809e-01
9.482554793357849121e-01
9.481538534164428711e-01
9.480532407760620117e-01
9.479536414146423340e-01
9.478542208671569824e-01
9.477539658546447754e-01
9.476543664932250977e-01
9.475572705268859863e-01
9.474571347236633301e-01
9.473555088043212891e-01
9.472571015357971191e-01
9.471622705459594727e-01
9.470674991607666016e-01
9.469689726829528809e-01
9.468741416931152344e-01
9.467830657958984375e-01
9.466893672943115234e-01
9.465925693511962891e-01
9.464984536170959473e-01
9.464073181152343750e-01
9.463174343109130859e-01
9.462290406227111816e-01
9.461410641670227051e-01
9.460535645484924316e-01
9.459660053253173828e-01
9.458785653114318848e-01
9.457910656929016113e-01
9.457039237022399902e-01
9.456176161766052246e-01
9.455321431159973145e-01
9.454478621482849121e-01
9.453637599945068359e-01
9.452794194221496582e-01
9.451937675476074219e-01
9.451086521148681641e-01
9.450247883796691895e-01
9.449411630630493164e-01
9.448577165603637695e-01
9.447758793830871582e-01
9.446988701820373535e-01
9.446194767951965332e-01
9.445343613624572754e-01
9.444441199302673340e-01
9.443630576133728027e-01
9.442839026451110840e-01
9.441974759101867676e-01
9.441089630126953125e-01
9.440222978591918945e-01
9.439393281936645508e-01
9.438547492027282715e-01
9.437691569328308105e-01
9.436821341514587402e-01
9.435948133468627930e-01
9.435117244720458984e-01
9.434348940849304199e-01
9.433508515357971191e-01
9.432660937309265137e-01
9.431672096252441406e-01
9.430773258209228516e-01
9.429969191551208496e-01
9.429150819778442383e-01
9.428238868713378906e-01
9.427394866943359375e-01
9.426577091217041016e-01
9.425689578056335449e-01
9.424838423728942871e-01
9.424000978469848633e-01
9.423131942749023438e-01
9.422245621681213379e-01
9.421377182006835938e-01
9.420534968376159668e-01
9.419739246368408203e-01
9.418914318084716797e-01
9.417992234230041504e-01
9.417091608047485352e-01
9.416188597679138184e-01
9.415330290794372559e-01
9.414503574371337891e-01
9.413685202598571777e-01
9.412736296653747559e-01
9.411824941635131836e-01
9.410917162895202637e-01
9.410082697868347168e-01
9.409221410751342773e-01
9.408379197120666504e-01
9.407489299774169922e-01
9.406574964523315430e-01
9.405667185783386230e-01
9.404774904251098633e-01
9.403890967369079590e-01
9.403028488159179688e-01
9.402221441268920898e-01
9.401406049728393555e-01
9.400597810745239258e-01
9.399808645248413086e-01
9.398877620697021484e-01
9.397805929183959961e-01
9.397003650665283203e-01
9.396297335624694824e-01
9.395393729209899902e-01
9.394421577453613281e-01
9.393638372421264648e-01
9.392907619476318359e-01
9.391981363296508789e-01
9.391099214553833008e-01
9.390366673469543457e-01
9.389580488204956055e-01
9.388608336448669434e-01
9.387770891189575195e-01
9.387063980102539062e-01
9.386237263679504395e-01
9.385354518890380859e-01
9.384369254112243652e-01
9.383462667465209961e-01
9.382694959640502930e-01
9.381992816925048828e-01
9.381077289581298828e-01
9.380034804344177246e-01
9.379030466079711914e-01
9.378145337104797363e-01
9.377357959747314453e-01
9.376680254936218262e-01
9.376043677330017090e-01
9.375523328781127930e-01
9.374682903289794922e-01
9.373450875282287598e-01
9.372493028640747070e-01
9.371829032897949219e-01
9.371105432510375977e-01
9.370200037956237793e-01
9.369325637817382812e-01
9.368554949760437012e-01
9.367828965187072754e-01
9.367116093635559082e-01
9.366326928138732910e-01
9.365516304969787598e-01
9.364701509475708008e-01
9.363924860954284668e-01
9.363172650337219238e-01
9.362444877624511719e-01
9.361715316772460938e-01
9.360970854759216309e-01
9.360213875770568848e-01
9.359416961669921875e-01
9.358673691749572754e-01
9.357874989509582520e-01
9.357107877731323242e-01
9.356276392936706543e-01
9.355474710464477539e-01
9.354736208915710449e-01
9.353982210159301758e-01
9.353321194648742676e-01
9.352608919143676758e-01
9.351835250854492188e-01
9.351121187210083008e-01
9.350246191024780273e-01
9.349547624588012695e-01
9.348925948143005371e-01
9.348294734954833984e-01
9.347681403160095215e-01
9.346797466278076172e-01
9.346020817756652832e-01
9.345162510871887207e-01
9.344397187232971191e-01
9.343748092651367188e-01
9.343043565750122070e-01
9.342415928840637207e-01
9.341780543327331543e-01
9.341025352478027344e-01
9.340396523475646973e-01
9.339488744735717773e-01
9.338760375976562500e-01
9.337967634201049805e-01
9.337300658226013184e-01
9.336658120155334473e-01
9.335994124412536621e-01
9.335505366325378418e-01
9.334942102432250977e-01
9.334220290184020996e-01
9.333463311195373535e-01
9.332505464553833008e-01
9.331821799278259277e-01
9.331360459327697754e-01
9.330967068672180176e-01
9.330613017082214355e-01
9.329769015312194824e-01
9.328686594963073730e-01
9.327919483184814453e-01
9.327504038810729980e-01
9.327031373977661133e-01
9.326339364051818848e-01
9.325498938560485840e-01
9.324811697006225586e-01
9.324418306350708008e-01
9.324024319648742676e-01
9.323570132255554199e-01
9.322567582130432129e-01
9.321758747100830078e-01
9.321205615997314453e-01
9.320755600929260254e-01
9.320324063301086426e-01
9.319623112678527832e-01
9.318893551826477051e-01
9.318193197250366211e-01
9.317662119865417480e-01
9.317175149917602539e-01
9.316598176956176758e-01
9.315953254699707031e-01
9.315270781517028809e-01
9.314669966697692871e-01
9.314119815826416016e-01
9.313544631004333496e-01
9.313018321990966797e-01
9.312424659729003906e-01
9.311769604682922363e-01
9.311075806617736816e-01
9.310408830642700195e-01
9.309810400009155273e-01
9.309267401695251465e-01
9.308683872222900391e-01
9.308044314384460449e-01
9.307355284690856934e-01
9.306687712669372559e-01
9.306051135063171387e-01
9.305454492568969727e-01
9.304910302162170410e-01
9.304493665695190430e-01
9.304180741310119629e-01
9.303656816482543945e-01
9.303013086318969727e-01
9.302121400833129883e-01
9.301268458366394043e-01
9.300542473793029785e-01
9.299950003623962402e-01
9.299446940422058105e-01
9.299054145812988281e-01
9.298793673515319824e-01
9.298512935638427734e-01
9.297663569450378418e-01
9.296526908874511719e-01
9.295721650123596191e-01
9.295419454574584961e-01
9.295001029968261719e-01
9.294253587722778320e-01
9.293355941772460938e-01
9.292874932289123535e-01
9.292609095573425293e-01
9.292070865631103516e-01
9.291319847106933594e-01
9.290463328361511230e-01
9.289919137954711914e-01
9.289606213569641113e-01
9.289128780364990234e-01
9.288433790206909180e-01
9.287622570991516113e-01
9.287010431289672852e-01
9.286680221557617188e-01
9.286364912986755371e-01
9.285727143287658691e-01
9.284949898719787598e-01
9.284170269966125488e-01
9.283925890922546387e-01
9.283889532089233398e-01
9.283159375190734863e-01
9.282225370407104492e-01
9.281500577926635742e-01
9.281203746795654297e-01
9.280868768692016602e-01
9.280133843421936035e-01
9.279439449310302734e-01
9.278867244720458984e-01
9.278498888015747070e-01
9.278177022933959961e-01
9.277625679969787598e-01
9.276956319808959961e-01
9.276275634765625000e-01
9.275894165039062500e-01
9.275726079940795898e-01
9.275381565093994141e-01
9.274535775184631348e-01
9.273744821548461914e-01
9.273355603218078613e-01
9.272987842559814453e-01
9.272531867027282715e-01
9.271906614303588867e-01
9.271318316459655762e-01
9.271013736724853516e-01
9.270603060722351074e-01
9.270160198211669922e-01
9.269566535949707031e-01
9.268980622291564941e-01
9.268573522567749023e-01
9.268198013305664062e-01
9.267921447753906250e-01
9.267547726631164551e-01
9.267021417617797852e-01
9.266422390937805176e-01
9.265840053558349609e-01
9.265347123146057129e-01
9.264914989471435547e-01
9.264484643936157227e-01
9.264101386070251465e-01
9.263769388198852539e-01
9.263492822647094727e-01
9.263239502906799316e-01
9.262911677360534668e-01
9.262448549270629883e-01
9.261633753776550293e-01
9.260918498039245605e-01
9.260433912277221680e-01
9.260050058364868164e-01
9.259644150733947754e-01
9.259303212165832520e-01
9.258713126182556152e-01
9.258061647415161133e-01
9.257376194000244141e-01
9.256893992424011230e-01
9.256533384323120117e-01
9.256251454353332520e-01
9.256196618080139160e-01
9.256286025047302246e-01
9.256089329719543457e-01
9.255247116088867188e-01
9.254221916198730469e-01
9.253580570220947266e-01
9.253446459770202637e-01
9.253421425819396973e-01
9.253105521202087402e-01
9.252470731735229492e-01
9.251751899719238281e-01
9.251372218132019043e-01
9.251286387443542480e-01
9.251212477684020996e-01
9.250841140747070312e-01
9.250203371047973633e-01
9.249585270881652832e-01
9.249113798141479492e-01
9.248869419097900391e-01
9.248726367950439453e-01
9.248467683792114258e-01
9.247969388961791992e-01
9.247576594352722168e-01
9.247143268585205078e-01
9.246754050254821777e-01
9.246373176574707031e-01
9.246091842651367188e-01
9.245798587799072266e-01
9.245495200157165527e-01
9.245232343673706055e-01
9.244946241378784180e-01
9.244683384895324707e-01
9.244436025619506836e-01
9.244099259376525879e-01
9.243814945220947266e-01
9.243535399436950684e-01
9.243288636207580566e-01
9.242808818817138672e-01
9.242389798164367676e-01
9.241980314254760742e-01
9.241638779640197754e-01
9.241324067115783691e-01
9.241000413894653320e-01
9.240695834159851074e-01
9.240425229072570801e-01
9.240339994430541992e-01
9.240346550941467285e-01
9.240535497665405273e-01
9.239963293075561523e-01
9.239405989646911621e-01
9.238623380661010742e-01
9.238206744194030762e-01
9.238195419311523438e-01
9.237976074218750000e-01
9.237530827522277832e-01
9.236915111541748047e-01
9.236581325531005859e-01
9.236393570899963379e-01
9.236152768135070801e-01
9.235940575599670410e-01
9.235553741455078125e-01
9.235111474990844727e-01
9.234577417373657227e-01
9.234172701835632324e-01
9.233852624893188477e-01
9.233568310737609863e-01
9.233288168907165527e-01
9.233005642890930176e-01
9.232715368270874023e-01
9.232354164123535156e-01
9.231993556022644043e-01
9.231599569320678711e-01
9.231237769126892090e-01
9.230903983116149902e-01
9.230591058731079102e-01
9.230294823646545410e-01
9.230037331581115723e-01
9.229899644851684570e-01
9.229934811592102051e-01
9.230078458786010742e-01
9.229971766471862793e-01
9.229240417480468750e-01
9.228280186653137207e-01
9.227712750434875488e-01
9.227409362792968750e-01
9.227192401885986328e-01
9.227119088172912598e-01
9.226971268653869629e-01
9.226891994476318359e-01
9.226410984992980957e-01
9.225858449935913086e-01
9.225181341171264648e-01
9.224674701690673828e-01
9.224269986152648926e-01
9.223879575729370117e-01
9.223581552505493164e-01
9.223418831825256348e-01
9.223451614379882812e-01
9.223397374153137207e-01
9.223096370697021484e-01
9.222243428230285645e-01
9.221426844596862793e-01
9.220945835113525391e-01
9.220950603485107422e-01
9.221153855323791504e-01
9.220750331878662109e-01
9.219660758972167969e-01
9.219061136245727539e-01
9.219200611114501953e-01
9.219397306442260742e-01
9.218879342079162598e-01
9.217738509178161621e-01
9.217345714569091797e-01
9.217547774314880371e-01
9.217494130134582520e-01
9.216629862785339355e-01
9.215958714485168457e-01
9.215819835662841797e-01
9.215853214263916016e-01
9.215756058692932129e-01
9.215074777603149414e-01
9.214369654655456543e-01
9.214311838150024414e-01
9.214326143264770508e-01
9.213951826095581055e-01
9.213361144065856934e-01
9.212897419929504395e-01
9.212771058082580566e-01
9.212412238121032715e-01
9.212065935134887695e-01
9.211668968200683594e-01
9.211403131484985352e-01
9.211239814758300781e-01
9.210932850837707520e-01
9.210585355758666992e-01
9.210218787193298340e-01
9.209890961647033691e-01
9.209645390510559082e-01
9.209497570991516113e-01
9.209274649620056152e-01
9.209126234054565430e-01
9.208744764328002930e-01
9.208320379257202148e-01
9.207991957664489746e-01
9.207748174667358398e-01
9.207569360733032227e-01
9.207229018211364746e-01
9.206902980804443359e-01
9.206681251525878906e-01
9.206461310386657715e-01
9.206181168556213379e-01
9.205914139747619629e-01
9.205579161643981934e-01
9.205260276794433594e-01
9.204993247985839844e-01
9.204751253128051758e-01
9.204562902450561523e-01
9.204264283180236816e-01
9.203886985778808594e-01
9.203566908836364746e-01
9.203250408172607422e-01
9.203035235404968262e-01
9.202809929847717285e-01
9.202451109886169434e-01
9.202174544334411621e-01
9.201851487159729004e-01
9.201526641845703125e-01
9.201216697692871094e-01
9.200957417488098145e-01
9.200604557991027832e-01
9.200285673141479492e-01
9.200153946876525879e-01
9.199903607368469238e-01
9.199661612510681152e-01
9.199713468551635742e-01
9.200133085250854492e-01
9.200826883316040039e-01
9.200875759124755859e-01
9.200463891029357910e-01
9.198932051658630371e-01
9.197475910186767578e-01
9.197077751159667969e-01
9.197190403938293457e-01
9.197277426719665527e-01
9.196801781654357910e-01
9.196036458015441895e-01
9.195298552513122559e-01
9.195130467414855957e-01
9.195148944854736328e-01
9.194948673248291016e-01
9.194696545600891113e-01
9.194201231002807617e-01
9.193523526191711426e-01
9.192871451377868652e-01
9.192587733268737793e-01
9.192874431610107422e-01
9.192722439765930176e-01
9.191936254501342773e-01
9.190974831581115723e-01
9.190477132797241211e-01
9.190348982810974121e-01
9.190154075622558594e-01
9.189686179161071777e-01
9.189138412475585938e-01
9.188462495803833008e-01
9.187943935394287109e-01
9.187670946121215820e-01
9.187378883361816406e-01
9.186946153640747070e-01
9.186305999755859375e-01
9.185799360275268555e-01
9.185366034507751465e-01
9.184958934783935547e-01
9.184561967849731445e-01
9.184076786041259766e-01
9.183569550514221191e-01
9.183046221733093262e-01
9.182581305503845215e-01
9.182141423225402832e-01
9.181761741638183594e-01
9.181311726570129395e-01
9.180827140808105469e-01
9.180386066436767578e-01
9.179898500442504883e-01
9.179391264915466309e-01
9.178942441940307617e-01
9.178515672683715820e-01
9.178030490875244141e-01
9.177599549293518066e-01
9.177169799804687500e-01
9.176669120788574219e-01
9.176162481307983398e-01
9.175638556480407715e-01
9.175112247467041016e-01
9.174621105194091797e-01
9.174188971519470215e-01
9.173761606216430664e-01
9.173439145088195801e-01
9.173152446746826172e-01
9.173105359077453613e-01
9.173401594161987305e-01
9.173676371574401855e-01
9.174132347106933594e-01
9.174008965492248535e-01
9.172778725624084473e-01
9.170903563499450684e-01
9.169761538505554199e-01
9.169688820838928223e-01
9.170309901237487793e-01
9.170938730239868164e-01
9.170486927032470703e-01
9.169166088104248047e-01
9.168006181716918945e-01
9.167791604995727539e-01
9.168241620063781738e-01
9.168429374694824219e-01
9.167774915695190430e-01
9.166729450225830078e-01
9.166299104690551758e-01
9.166375398635864258e-01
9.166578054428100586e-01
9.166219234466552734e-01
9.165552854537963867e-01
9.164981842041015625e-01
9.164789915084838867e-01
9.164896011352539062e-01
9.164789915084838867e-01
9.164432287216186523e-01
9.163925647735595703e-01
9.163493514060974121e-01
9.163371920585632324e-01
9.163254499435424805e-01
9.163121581077575684e-01
9.162864685058593750e-01
9.162567853927612305e-01
9.162209033966064453e-01
9.161885380744934082e-01
9.161642789840698242e-01
9.161393642425537109e-01
9.161275029182434082e-01
9.161119461059570312e-01
9.160887598991394043e-01
9.160682559013366699e-01
9.160392880439758301e-01
9.160087704658508301e-01
9.159826636314392090e-01
9.159559607505798340e-01
9.159373641014099121e-01
9.159291386604309082e-01
9.159152507781982422e-01
9.159066677093505859e-01
9.158865213394165039e-01
9.158581495285034180e-01
9.158213734626770020e-01
9.157908558845520020e-01
9.157584309577941895e-01
9.157353043556213379e-01
9.157216548919677734e-01
9.156977534294128418e-01
9.156815409660339355e-01
9.156748652458190918e-01
9.156433939933776855e-01
9.156206846237182617e-01
9.156029820442199707e-01
9.155788421630859375e-01
9.155572056770324707e-01
9.155418872833251953e-01
9.155188798904418945e-01
9.154994487762451172e-01
9.154790639877319336e-01
9.154570698738098145e-01
9.154464006423950195e-01
9.154215455055236816e-01
9.153984785079956055e-01
9.153780341148376465e-01
9.153491258621215820e-01
9.153259396553039551e-01
9.153096079826354980e-01
9.152942299842834473e-01
9.152826070785522461e-01
9.153081178665161133e-01
9.153502583503723145e-01
9.153409600257873535e-01
9.152780771255493164e-01
9.152103066444396973e-01
9.151492714881896973e-01
9.151222705841064453e-01
9.151148796081542969e-01
9.151281714439392090e-01
9.151521325111389160e-01
9.151684641838073730e-01
9.151442050933837891e-01
9.150952696800231934e-01
9.150210618972778320e-01
9.149640202522277832e-01
9.149540662765502930e-01
9.149712920188903809e-01
9.150114059448242188e-01
9.150030016899108887e-01
9.149504303932189941e-01
9.148847460746765137e-01
9.148382544517517090e-01
9.148037433624267578e-01
9.148066043853759766e-01
9.148214459419250488e-01
9.148221611976623535e-01
9.148699641227722168e-01
9.148874878883361816e-01
9.149395823478698730e-01
9.148458838462829590e-01
9.147211313247680664e-01
9.146407842636108398e-01
9.146274924278259277e-01
9.146972298622131348e-01
9.147312045097351074e-01
9.147070050239562988e-01
9.145931601524353027e-01
9.145307540893554688e-01
9.144986867904663086e-01
9.145188331604003906e-01
9.145625829696655273e-01
9.145247936248779297e-01
9.145008325576782227e-01
9.144499897956848145e-01
9.144163727760314941e-01
9.143852591514587402e-01
9.143588542938232422e-01
9.143459200859069824e-01
9.143285155296325684e-01
9.143154025077819824e-01
9.143054485321044922e-01
