1.024861454963684082e+00
1.023646593093872070e+00
1.022484898567199707e+00
1.021369218826293945e+00
1.020285964012145996e+00
1.019240379333496094e+00
1.018235802650451660e+00
1.017266154289245605e+00
1.016328930854797363e+00
1.015422105789184570e+00
1.014539480209350586e+00
1.013675689697265625e+00
1.012832283973693848e+00
1.012007713317871094e+00
1.011206507682800293e+00
1.010435938835144043e+00
1.009686708450317383e+00
1.008971452713012695e+00
1.008300065994262695e+00
1.007655978202819824e+00
1.007040977478027344e+00
1.006457448005676270e+00
1.005904078483581543e+00
1.005379796028137207e+00
1.004884600639343262e+00
1.004418492317199707e+00
1.003980755805969238e+00
1.003571391105651855e+00
1.003189563751220703e+00
1.002834558486938477e+00
1.002505660057067871e+00
1.002201676368713379e+00
1.001921653747558594e+00
1.001664161682128906e+00
1.001427888870239258e+00
1.001210808753967285e+00
1.001011610031127930e+00
1.000827431678771973e+00
1.000656366348266602e+00
1.000496506690979004e+00
1.000344991683959961e+00
1.000201225280761719e+00
1.000062346458435059e+00
9.999244809150695801e-01
9.997837543487548828e-01
9.996457695960998535e-01
9.995134472846984863e-01
9.993843436241149902e-01
9.992512464523315430e-01
9.991104006767272949e-01
9.989584088325500488e-01
9.987927079200744629e-01
9.986122846603393555e-01
9.984192848205566406e-01
9.982138276100158691e-01
9.980021715164184570e-01
9.977959394454956055e-01
9.975847601890563965e-01
9.973675608634948730e-01
9.971453547477722168e-01
9.969208836555480957e-01
9.967110753059387207e-01
9.965066909790039062e-01
9.962995052337646484e-01
9.960849285125732422e-01
9.958615899085998535e-01
9.956264495849609375e-01
9.953793883323669434e-01
9.951194524765014648e-01
9.948470592498779297e-01
9.945627450942993164e-01
9.942697286605834961e-01
9.939671158790588379e-01
9.936529994010925293e-01
9.933263063430786133e-01
9.929857850074768066e-01
9.926328063011169434e-01
9.922680854797363281e-01
9.918886423110961914e-01
9.914946556091308594e-01
9.910949468612670898e-01
9.907014966011047363e-01
9.903104901313781738e-01
9.899287223815917969e-01
9.895628690719604492e-01
9.892039299011230469e-01
9.888532161712646484e-01
9.885073900222778320e-01
9.881680011749267578e-01
9.878345131874084473e-01
9.875084161758422852e-01
9.871852993965148926e-01
9.868643879890441895e-01
9.865441918373107910e-01
9.862297177314758301e-01
9.859240055084228516e-01
9.856266975402832031e-01
9.853411912918090820e-01
9.850702881813049316e-01
9.848102927207946777e-01
9.845600724220275879e-01
9.843206405639648438e-01
9.840927124023437500e-01
9.838770031929016113e-01
9.836746454238891602e-01
9.834846854209899902e-01
9.833054542541503906e-01
9.831345677375793457e-01
9.829713106155395508e-01
9.828161001205444336e-01
9.826681613922119141e-01
9.825262427330017090e-01
9.823904633522033691e-01
9.822599291801452637e-01
9.821345210075378418e-01
9.820148348808288574e-01
9.819002151489257812e-01
9.817885160446166992e-01
9.816771745681762695e-01
9.815674424171447754e-01
9.814624190330505371e-01
9.813636541366577148e-01
9.812707304954528809e-01
9.811820983886718750e-01
9.810966253280639648e-01
9.810135960578918457e-01
9.809329509735107422e-01
9.808537960052490234e-01
9.807752370834350586e-01
9.806973338127136230e-01
9.806191921234130859e-01
9.805391430854797363e-01
9.804566502571105957e-01
9.803705811500549316e-01
9.802802801132202148e-01
9.801844358444213867e-01
9.800851941108703613e-01
9.799773097038269043e-01
9.798613786697387695e-01
9.797354936599731445e-01
9.796034097671508789e-01
9.794679284095764160e-01
9.793360233306884766e-01
9.792035818099975586e-01
9.790685772895812988e-01
9.789347052574157715e-01
9.788010120391845703e-01
9.786646962165832520e-01
9.785270690917968750e-01
9.783866405487060547e-01
9.782390594482421875e-01
9.780911803245544434e-01
9.779411554336547852e-01
9.777922034263610840e-01
9.776453971862792969e-01
9.775005578994750977e-01
9.773572683334350586e-01
9.772147536277770996e-01
9.770709872245788574e-01
9.769278168678283691e-01
9.767875671386718750e-01
9.766479730606079102e-01
9.765118360519409180e-01
9.763776659965515137e-01
9.762491583824157715e-01
9.761285185813903809e-01
9.760082364082336426e-01
9.758887290954589844e-01
9.757712483406066895e-01
9.756574034690856934e-01
9.755471944808959961e-01
9.754391312599182129e-01
9.753322601318359375e-01
9.752262234687805176e-01
9.751212596893310547e-01
9.750192761421203613e-01
9.749184250831604004e-01
9.748182892799377441e-01
9.747186303138732910e-01
9.746186733245849609e-01
9.745182394981384277e-01
9.744184613227844238e-01
9.743194580078125000e-01
9.742209911346435547e-01
9.741236567497253418e-01
9.740269780158996582e-01
9.739307165145874023e-01
9.738345742225646973e-01
9.737381339073181152e-01
9.736413359642028809e-01
9.735452532768249512e-01
9.734495282173156738e-01
9.733533859252929688e-01
9.732561707496643066e-01
9.731574058532714844e-01
9.730584025382995605e-01
9.729594588279724121e-01
9.728610515594482422e-01
9.727650284767150879e-01
9.726718068122863770e-01
9.725793600082397461e-01
9.724866747856140137e-01
9.723929762840270996e-01
9.722982048988342285e-01
9.722019433975219727e-01
9.721057415008544922e-01
9.720109701156616211e-01
9.719181060791015625e-01
9.718263149261474609e-01
9.717338681221008301e-01
9.716410636901855469e-01
9.715484380722045898e-01
9.714556336402893066e-01
9.713628292083740234e-01
9.712699055671691895e-01
9.711780548095703125e-01
9.710875749588012695e-01
9.709970355033874512e-01
9.709068536758422852e-01
9.708166718482971191e-01
9.707269072532653809e-01
9.706370234489440918e-01
9.705468416213989258e-01
9.704570770263671875e-01
9.703679680824279785e-01
9.702791571617126465e-01
9.701900482177734375e-01
9.701012372970581055e-01
9.700126647949218750e-01
9.699241518974304199e-01
9.698358774185180664e-01
9.697482585906982422e-01
9.696609377861022949e-01
9.695739150047302246e-01
9.694866538047790527e-01
9.693990349769592285e-01
9.693114757537841797e-01
9.692236781120300293e-01
9.691359400749206543e-01
9.690480828285217285e-01
9.689592719078063965e-01
9.688696265220642090e-01
9.687796235084533691e-01
9.686886072158813477e-01
9.685969352722167969e-01
9.685047268867492676e-01
9.684113860130310059e-01
9.683175086975097656e-01
9.682242274284362793e-01
9.681308865547180176e-01
9.680368304252624512e-01
9.679419398307800293e-01
9.678459167480468750e-01
9.677485227584838867e-01
9.676510691642761230e-01
9.675530791282653809e-01
9.674550890922546387e-01
9.673562049865722656e-01
9.672559499740600586e-01
9.671538472175598145e-01
9.670500159263610840e-01
9.669446349143981934e-01
9.668376445770263672e-01
9.667282104492187500e-01
9.666178822517395020e-01
9.665113091468811035e-01
9.664044976234436035e-01
9.662955403327941895e-01
9.661839604377746582e-01
9.660704135894775391e-01
9.659558534622192383e-01
9.658398032188415527e-01
9.657240509986877441e-01
9.656075835227966309e-01
9.654908180236816406e-01
9.653730392456054688e-01
9.652546048164367676e-01
9.651342034339904785e-01
9.650126695632934570e-01
9.648891091346740723e-01
9.647642374038696289e-01
9.646416902542114258e-01
9.645225405693054199e-01
9.644048810005187988e-01
9.642869830131530762e-01
9.641684293746948242e-01
9.640483260154724121e-01
9.639295935630798340e-01
9.638068675994873047e-01
9.636805057525634766e-01
9.635508060455322266e-01
9.634174108505249023e-01
9.632849693298339844e-01
9.631527662277221680e-01
9.630140662193298340e-01
9.628702998161315918e-01
9.627218246459960938e-01
9.625691175460815430e-01
9.624123573303222656e-01
9.622499942779541016e-01
9.620832800865173340e-01
9.619200229644775391e-01
9.617570042610168457e-01
9.615933895111083984e-01
9.614279866218566895e-01
9.612627029418945312e-01
9.610934257507324219e-01
9.609204530715942383e-01
9.607464671134948730e-01
9.605715274810791016e-01
9.603954553604125977e-01
9.602194428443908691e-01
9.600398540496826172e-01
9.598579406738281250e-01
9.596721529960632324e-01
9.594842195510864258e-01
9.592980146408081055e-01
9.591037034988403320e-01
9.589037895202636719e-01
9.586977362632751465e-01
9.584838151931762695e-01
9.582659006118774414e-01
9.580511450767517090e-01
9.578250050544738770e-01
9.575916528701782227e-01
9.573479294776916504e-01
9.571005702018737793e-01
9.568564891815185547e-01
9.566149711608886719e-01
9.563602209091186523e-01
9.561058282852172852e-01
9.558584690093994141e-01
9.556191563606262207e-01
9.553743600845336914e-01
9.551293849945068359e-01
9.548803567886352539e-01
9.546276330947875977e-01
9.543716907501220703e-01
9.541073441505432129e-01
9.538389444351196289e-01
9.535641074180603027e-01
9.532898664474487305e-01
9.530255198478698730e-01
9.527634978294372559e-01
9.525045156478881836e-01
9.522489905357360840e-01
9.519965648651123047e-01
9.517472386360168457e-01
9.514979720115661621e-01
9.512562751770019531e-01
9.510046243667602539e-01
9.507526159286499023e-01
9.504921436309814453e-01
9.502542614936828613e-01
9.500263929367065430e-01
9.497728943824768066e-01
9.495116472244262695e-01
9.492613673210144043e-01
9.490171074867248535e-01
9.487755298614501953e-01
9.485231637954711914e-01
9.482754468917846680e-01
9.480179548263549805e-01
9.477665424346923828e-01
9.474988579750061035e-01
9.472477436065673828e-01
9.469907879829406738e-01
9.467392563819885254e-01
9.464972615242004395e-01
9.462757706642150879e-01
9.460896253585815430e-01
9.458431601524353027e-01
9.455261826515197754e-01
9.452753067016601562e-01
9.450935125350952148e-01
9.448423385620117188e-01
9.445707798004150391e-01
9.443311691284179688e-01
9.441165924072265625e-01
9.438607096672058105e-01
9.436108469963073730e-01
9.433851838111877441e-01
9.431490898132324219e-01
9.428963661193847656e-01
9.426600933074951172e-01
9.424360990524291992e-01
9.421964883804321289e-01
9.419543147087097168e-01
9.417192339897155762e-01
9.414913654327392578e-01
9.412534832954406738e-01
9.410109519958496094e-01
9.407677650451660156e-01
9.405338764190673828e-01
9.402993917465209961e-01
9.400615692138671875e-01
9.398269057273864746e-01
9.395917057991027832e-01
9.393549561500549316e-01
9.391158223152160645e-01
9.388764500617980957e-01
9.386422634124755859e-01
9.384105205535888672e-01
9.381812810897827148e-01
9.379540085792541504e-01
9.377275705337524414e-01
9.374949336051940918e-01
9.372572302818298340e-01
9.370154738426208496e-01
9.367784261703491211e-01
9.365479946136474609e-01
9.363222718238830566e-01
9.361000657081604004e-01
9.358858466148376465e-01
9.356851577758789062e-01
9.355223178863525391e-01
9.353839159011840820e-01
9.352068901062011719e-01
9.348625540733337402e-01
9.346330165863037109e-01
9.345443844795227051e-01
9.342872500419616699e-01
9.340246915817260742e-01
9.338709115982055664e-01
9.336671233177185059e-01
9.334383606910705566e-01
9.332532286643981934e-01
9.330730438232421875e-01
9.328666925430297852e-01
9.326639175415039062e-01
9.324977993965148926e-01
9.323201775550842285e-01
9.320961833000183105e-01
9.319070577621459961e-01
9.317411780357360840e-01
9.315406680107116699e-01
9.313303232192993164e-01
9.311645030975341797e-01
9.309653043746948242e-01
9.307682514190673828e-01
9.305753707885742188e-01
9.303905367851257324e-01
9.302222728729248047e-01
9.300206899642944336e-01
9.298229813575744629e-01
9.296308755874633789e-01
9.294569492340087891e-01
9.292853474617004395e-01
9.290763139724731445e-01
9.288788437843322754e-01
9.286664128303527832e-01
9.284927248954772949e-01
9.283382296562194824e-01
9.281850457191467285e-01
9.280582070350646973e-01
9.278262853622436523e-01
9.275751709938049316e-01
9.273248910903930664e-01
9.271335005760192871e-01
9.269731044769287109e-01
9.268167614936828613e-01
9.266665577888488770e-01
9.264542460441589355e-01
9.262294769287109375e-01
9.260253906250000000e-01
9.258440136909484863e-01
9.256871342658996582e-01
9.255503416061401367e-01
9.253813624382019043e-01
9.251854419708251953e-01
9.249563813209533691e-01
9.247184991836547852e-01
9.244968891143798828e-01
9.243006110191345215e-01
9.241144657135009766e-01
9.239363074302673340e-01
9.237870573997497559e-01
9.236712455749511719e-01
9.235427379608154297e-01
9.233757853507995605e-01
9.231243133544921875e-01
9.228901863098144531e-01
9.227147102355957031e-01
9.225834608078002930e-01
9.224518537521362305e-01
9.222680926322937012e-01
9.220579862594604492e-01
9.218461513519287109e-01
9.216845035552978516e-01
9.215592741966247559e-01
9.214116930961608887e-01
9.211989045143127441e-01
9.209703207015991211e-01
9.207983016967773438e-01
9.206725358963012695e-01
9.205108284950256348e-01
9.202974438667297363e-01
9.200599789619445801e-01
9.198873639106750488e-01
9.197538495063781738e-01
9.195694923400878906e-01
9.193553924560546875e-01
9.191414117813110352e-01
9.189479351043701172e-01
9.187878370285034180e-01
9.186381101608276367e-01
9.184849262237548828e-01
9.182672500610351562e-01
9.180569648742675781e-01
9.178550243377685547e-01
9.176584482192993164e-01
9.174917936325073242e-01
9.173228740692138672e-01
9.171555042266845703e-01
9.169551134109497070e-01
9.167510867118835449e-01
9.165531396865844727e-01
9.163574576377868652e-01
9.161767959594726562e-01
9.160113334655761719e-01
9.158547520637512207e-01
9.156936407089233398e-01
9.155133962631225586e-01
9.152742624282836914e-01
9.150792360305786133e-01
9.148801565170288086e-01
9.147602319717407227e-01
9.146273136138916016e-01
9.144263267517089844e-01
9.141814112663269043e-01
9.139342904090881348e-01
9.137800335884094238e-01
9.136650562286376953e-01
9.135400652885437012e-01
9.134078025817871094e-01
9.131053090095520020e-01
9.128382205963134766e-01
9.126204252243041992e-01
9.125310182571411133e-01
9.123588800430297852e-01
9.121050834655761719e-01
9.118657708168029785e-01
9.116938114166259766e-01
9.115941524505615234e-01
9.113756418228149414e-01
9.111273288726806641e-01
9.108927845954895020e-01
9.107078313827514648e-01
9.105470776557922363e-01
9.103240966796875000e-01
9.101164340972900391e-01
9.099021553993225098e-01
9.096672534942626953e-01
9.094768166542053223e-01
9.092642664909362793e-01
9.090673327445983887e-01
9.088846445083618164e-01
9.086493253707885742e-01
9.084349870681762695e-01
9.082365632057189941e-01
9.080187678337097168e-01
9.078103303909301758e-01
9.076524972915649414e-01
9.074743986129760742e-01
9.073596596717834473e-01
9.070566892623901367e-01
9.067685604095458984e-01
9.064446091651916504e-01
9.061954021453857422e-01
9.059859514236450195e-01
9.058095216751098633e-01
9.056556224822998047e-01
9.054366946220397949e-01
9.052085876464843750e-01
9.049271345138549805e-01
9.046505093574523926e-01
9.043663144111633301e-01
9.041424393653869629e-01
9.039397239685058594e-01
9.037558436393737793e-01
9.036186933517456055e-01
9.034557938575744629e-01
9.033306837081909180e-01
9.031083583831787109e-01
9.029064178466796875e-01
9.026045203208923340e-01
9.023602604866027832e-01
9.021711349487304688e-01
9.020366668701171875e-01
9.019359350204467773e-01
9.017702341079711914e-01
9.015766978263854980e-01
9.013108611106872559e-01
9.010869860649108887e-01
9.008951187133789062e-01
9.007530808448791504e-01
9.006394147872924805e-01
9.004750251770019531e-01
9.002570509910583496e-01
9.000321030616760254e-01
8.998270630836486816e-01
8.996846675872802734e-01
8.995925784111022949e-01
8.994616866111755371e-01
8.992912173271179199e-01
8.990747928619384766e-01
8.988205194473266602e-01
8.985729813575744629e-01
8.983679413795471191e-01
8.981864452362060547e-01
8.980332016944885254e-01
8.979107141494750977e-01
8.977712392807006836e-01
8.975993990898132324e-01
8.974155783653259277e-01
8.972035050392150879e-01
8.969917893409729004e-01
8.967803120613098145e-01
8.965737819671630859e-01
8.963732719421386719e-01
8.961820602416992188e-01
8.960100412368774414e-01
8.958611488342285156e-01
8.957312107086181641e-01
8.956599831581115723e-01
8.956331014633178711e-01
8.955615162849426270e-01
8.954611420631408691e-01
8.950534462928771973e-01
8.947238922119140625e-01
8.945299983024597168e-01
8.944502472877502441e-01
8.944608569145202637e-01
8.942998647689819336e-01
8.941025733947753906e-01
8.938432335853576660e-01
8.936221003532409668e-01
8.934996128082275391e-01
8.934056162834167480e-01
8.933124542236328125e-01
8.931506872177124023e-01
8.929721713066101074e-01
8.927915096282958984e-01
8.926426768302917480e-01
8.925183415412902832e-01
8.924003243446350098e-01
8.923071026802062988e-01
8.922332525253295898e-01
8.921933770179748535e-01
8.920670151710510254e-01
8.918697237968444824e-01
8.916229605674743652e-01
8.914201259613037109e-01
8.912722468376159668e-01
8.911567330360412598e-01
8.910703063011169434e-01
8.910120129585266113e-01
8.909823894500732422e-01
8.909389376640319824e-01
8.909140825271606445e-01
8.907388448715209961e-01
8.904874920845031738e-01
8.901905417442321777e-01
8.900189995765686035e-01
8.899989724159240723e-01
8.899724483489990234e-01
8.898772001266479492e-01
8.896973133087158203e-01
8.894941806793212891e-01
8.893584609031677246e-01
8.892861008644104004e-01
8.892430663108825684e-01
8.891524076461791992e-01
8.890274763107299805e-01
8.888875246047973633e-01
8.887518644332885742e-01
8.886384367942810059e-01
8.885486721992492676e-01
8.884674906730651855e-01
8.884010314941406250e-01
8.883315324783325195e-01
8.882601261138916016e-01
8.882050514221191406e-01
8.881593942642211914e-01
8.881119489669799805e-01
8.880443572998046875e-01
8.879784345626831055e-01
8.878076672554016113e-01
8.876436948776245117e-01
8.875212073326110840e-01
8.874408006668090820e-01
8.873820304870605469e-01
8.873395919799804688e-01
8.872907161712646484e-01
8.872569799423217773e-01
8.872001171112060547e-01
8.871208429336547852e-01
8.870130181312561035e-01
8.868915438652038574e-01
8.867755532264709473e-01
8.866772651672363281e-01
8.865890502929687500e-01
8.865106105804443359e-01
8.864337801933288574e-01
8.863598108291625977e-01
8.862944841384887695e-01
8.862488865852355957e-01
8.862395882606506348e-01
8.862760663032531738e-01
8.863648772239685059e-01
8.866064548492431641e-01
8.865565657615661621e-01
8.863230347633361816e-01
8.859439492225646973e-01
8.857006430625915527e-01
8.856875300407409668e-01
8.858420252799987793e-01
8.858760595321655273e-01
8.857319355010986328e-01
8.855118751525878906e-01
8.853396177291870117e-01
8.852711915969848633e-01
8.852414488792419434e-01
8.852141499519348145e-01
8.851862549781799316e-01
8.851230144500732422e-01
8.850288987159729004e-01
8.849574923515319824e-01
8.848826885223388672e-01
8.848193883895874023e-01
8.847517371177673340e-01
8.846865296363830566e-01
8.846290707588195801e-01
8.845711946487426758e-01
8.845165967941284180e-01
8.844686150550842285e-01
8.844253420829772949e-01
8.844127655029296875e-01
8.844029903411865234e-01
8.843894004821777344e-01
8.843909502029418945e-01
8.843615055084228516e-01
8.842834830284118652e-01
8.841916918754577637e-01
8.840761184692382812e-01
8.839548230171203613e-01
8.838599920272827148e-01
8.837891817092895508e-01
8.837437629699707031e-01
8.837341666221618652e-01
8.837516307830810547e-01
8.837869167327880859e-01
8.838125467300415039e-01
8.837513923645019531e-01
8.836715817451477051e-01
8.834865689277648926e-01
8.833219408988952637e-01
8.832709789276123047e-01
8.833186030387878418e-01
8.833336830139160156e-01
8.833099007606506348e-01
8.832089900970458984e-01
8.830783367156982422e-01
8.829565644264221191e-01
8.829223513603210449e-01
8.829402327537536621e-01
8.829329013824462891e-01
8.829147219657897949e-01
8.828222751617431641e-01
8.827193975448608398e-01
8.826081752777099609e-01
8.825606703758239746e-01
8.825517296791076660e-01
8.825355172157287598e-01
8.824970722198486328e-01
8.824369311332702637e-01
8.823534250259399414e-01
8.822774887084960938e-01
8.822156786918640137e-01
8.821817636489868164e-01
8.821800947189331055e-01
8.821989893913269043e-01
8.822859525680541992e-01
8.822774291038513184e-01
8.823658227920532227e-01
8.821695446968078613e-01
8.820662498474121094e-01
8.818823695182800293e-01
8.817698359489440918e-01
8.816975355148315430e-01
8.816595077514648438e-01
8.816512823104858398e-01
8.816488385200500488e-01
8.816670179367065430e-01
8.816472887992858887e-01
8.816848397254943848e-01
8.816294074058532715e-01
8.815769553184509277e-01
8.814417123794555664e-01
8.813138604164123535e-01
8.812086582183837891e-01
8.811639547348022461e-01
8.811598420143127441e-01
8.811568021774291992e-01
8.811566233634948730e-01
8.811362385749816895e-01
8.811857700347900391e-01
8.811455368995666504e-01
8.811682462692260742e-01
8.810628056526184082e-01
8.809517025947570801e-01
8.807753920555114746e-01
8.806985020637512207e-01
8.806797862052917480e-01
8.806887865066528320e-01
8.807553052902221680e-01
8.808103799819946289e-01
8.808135986328125000e-01
8.806887269020080566e-01
8.805547356605529785e-01
8.803871870040893555e-01
8.803473711013793945e-01
8.804145455360412598e-01
8.804395198822021484e-01
8.804735541343688965e-01
8.803752660751342773e-01
8.802422285079956055e-01
8.801066875457763672e-01
8.800514936447143555e-01
8.800603151321411133e-01
8.800714015960693359e-01
8.800656795501708984e-01
8.800172209739685059e-01
8.799122571945190430e-01
8.798043727874755859e-01
8.797816038131713867e-01
8.798185586929321289e-01
8.798537850379943848e-01
8.798816204071044922e-01
8.798588514328002930e-01
8.797109723091125488e-01
8.795515298843383789e-01
8.794147372245788574e-01
8.793968558311462402e-01
8.794463872909545898e-01
8.795151710510253906e-01
8.795084953308105469e-01
8.793954849243164062e-01
8.791986703872680664e-01
8.790997266769409180e-01
8.791299462318420410e-01
8.792054057121276855e-01
8.792577385902404785e-01
8.791879415512084961e-01
8.790339827537536621e-01
8.788831830024719238e-01
8.788633942604064941e-01
8.789324760437011719e-01
8.789554238319396973e-01
8.789030313491821289e-01
8.787876367568969727e-01
8.786532282829284668e-01
8.786036372184753418e-01
8.786352276802062988e-01
8.786649703979492188e-01
8.786574602127075195e-01
8.785814642906188965e-01
8.784618377685546875e-01
8.783786892890930176e-01
8.783527016639709473e-01
8.783633708953857422e-01
8.784019947052001953e-01
8.783843517303466797e-01
8.783116340637207031e-01
8.782045245170593262e-01
8.781242370605468750e-01
8.781206011772155762e-01
8.781847357749938965e-01
8.782708048820495605e-01
8.782991170883178711e-01
8.782203793525695801e-01
8.780485391616821289e-01
8.778956532478332520e-01
8.778281807899475098e-01
8.778675794601440430e-01
8.779496550559997559e-01
8.779419064521789551e-01
8.778382539749145508e-01
8.776865601539611816e-01
8.776023387908935547e-01
8.776093721389770508e-01
8.776653409004211426e-01
8.776749968528747559e-01
8.776265978813171387e-01
8.775482773780822754e-01
8.774406909942626953e-01
8.773667216300964355e-01
8.773167729377746582e-01
8.772765398025512695e-01
8.772414326667785645e-01
8.772274851799011230e-01
8.772029280662536621e-01
8.771753311157226562e-01
8.771501183509826660e-01
8.771522641181945801e-01
8.771664500236511230e-01
8.772029280662536621e-01
8.771713376045227051e-01
8.771356344223022461e-01
8.770288228988647461e-01
8.769426345825195312e-01
8.768476247787475586e-01
8.767966628074645996e-01
8.767530322074890137e-01
8.767303228378295898e-01
8.767376542091369629e-01
8.767256140708923340e-01
8.767343163490295410e-01
8.767214417457580566e-01
8.767178058624267578e-01
8.766779899597167969e-01
8.766817450523376465e-01
8.766575455665588379e-01
8.766524791717529297e-01
8.765605688095092773e-01
8.764580488204956055e-01
8.763380646705627441e-01
8.762637972831726074e-01
8.762304782867431641e-01
8.762355446815490723e-01
8.762622475624084473e-01
8.762807250022888184e-01
8.763046860694885254e-01
8.762315511703491211e-01
8.761643171310424805e-01
8.760311603546142578e-01
8.759535551071166992e-01
8.759062290191650391e-01
8.758844137191772461e-01
8.759062290191650391e-01
8.759254813194274902e-01
8.759530186653137207e-01
8.759254217147827148e-01
8.758888244628906250e-01
8.757856488227844238e-01
8.756881356239318848e-01
8.756067752838134766e-01
8.755544424057006836e-01
8.755248188972473145e-01
8.755213618278503418e-01
8.755307793617248535e-01
8.754882216453552246e-01
8.754411935806274414e-01
8.753810524940490723e-01
8.753309845924377441e-01
8.752965331077575684e-01
8.752510547637939453e-01
8.752074241638183594e-01
8.751804232597351074e-01
8.751352429389953613e-01
8.750894069671630859e-01
8.750606179237365723e-01
8.750309348106384277e-01
8.749852180480957031e-01
8.749537467956542969e-01
8.749180436134338379e-01
8.748744130134582520e-01
8.748455643653869629e-01
8.748333454132080078e-01
8.748367428779602051e-01
8.748849630355834961e-01
8.750432133674621582e-01
8.753192424774169922e-01
8.755549192428588867e-01
8.755159974098205566e-01
8.750573396682739258e-01
8.746386170387268066e-01
8.745054006576538086e-01
8.746143579483032227e-01
8.748194575309753418e-01
8.748579025268554688e-01
8.746819496154785156e-01
8.743999600410461426e-01
8.742882013320922852e-01
8.743357062339782715e-01
8.744292259216308594e-01
8.744889497756958008e-01
8.743651509284973145e-01
8.742152452468872070e-01
8.740839958190917969e-01
8.740881681442260742e-01
8.741420507431030273e-01
8.741273283958435059e-01
8.740771412849426270e-01
8.739653229713439941e-01
8.738767504692077637e-01
8.738524913787841797e-01
8.738836050033569336e-01
8.739193677902221680e-01
8.739213347434997559e-01
